0 1e-08 0 -0.1962 -0
0.00390625 9.99625778198242e-09 -1.91565711759031e-09 -0.1962 0
0.0078125 9.98503392876882e-09 -3.82988047386443e-09 -0.1962 0
0.01171875 9.96633684078035e-09 -5.74123738059565e-09 -0.1962 0
0.015625 9.94018051173292e-09 -7.6482972949331e-09 -0.1962 0
0.01953125 9.90658451816369e-09 -9.54963289008238e-09 -0.1962 0
0.0234375 9.86557400477915e-09 -1.14438211235791e-08 -0.1962 0
0.02734375 9.81717966563573e-09 -1.33294443023562e-08 -0.1962 0
0.03125 9.761437721167e-09 -1.52050911438067e-08 -0.1962 0
0.03515625 9.69838989107474e-09 -1.70693578320498e-08 -0.1962 0
0.0390625 9.62808336310411e-09 -1.89208490686074e-08 -0.1962 0
0.04296875 9.55057075772624e-09 -2.07581791167065e-08 -0.1962 0
0.046875 9.46591008875484e-09 -2.2579972838425e-08 -0.1962 0
0.05078125 9.37416471992605e-09 -2.43848667239051e-08 -0.1962 0
0.0546875 9.27540331747433e-09 -2.61715099118631e-08 -0.1962 0
0.05859375 9.16969979873962e-09 -2.79385652006332e-08 -0.1962 0
0.0625 9.05713327684438e-09 -2.96847100489875e-08 -0.1962 0
0.06640625 8.9377880014819e-09 -3.14086375659834e-08 -0.1962 0
0.0703125 8.81175329586014e-09 -3.31090574890979e-08 -0.1962 0
0.07421875 8.67912348984833e-09 -3.47846971499162e-08 -0.1962 0
0.078125 8.53999784937642e-09 -3.64343024266525e-08 -0.1962 0
0.08203125 8.3944805021401e-09 -3.8056638682789e-08 -0.1962 0
0.0859375 8.24268035966713e-09 -3.96504916911321e-08 -0.1962 0
0.08984375 8.08471103580314e-09 -4.12146685425926e-08 -0.1962 0
0.09375 7.92069076167812e-09 -4.27479985390115e-08 -0.1962 0
0.09765625 7.75074229721711e-09 -4.42493340693607e-08 -0.1962 0
0.1015625 7.57499283926124e-09 -4.57175514686659e-08 -0.1962 0
0.10546875 7.39357392636816e-09 -4.7151551859006e-08 -0.1962 0
0.109375 7.20662134036276e-09 -4.85502619719614e-08 -0.1962 0
0.11328125 7.01427500471221e-09 -4.99126349518948e-08 -0.1962 0
0.1171875 6.81667887980108e-09 -5.12376511394639e-08 -0.1962 0
0.12109375 6.61398085518515e-09 -5.25243188347785e-08 -0.1962 0
0.125 6.40633263890437e-09 -5.37716750396322e-08 -0.1962 0
0.12890625 6.19388964393802e-09 -5.49787861782522e-08 -0.1962 0
0.1328125 5.97681087188678e-09 -5.6144748796028e-08 -0.1962 0
0.13671875 5.75525879396905e-09 -5.72686902356964e-08 -0.1962 0
0.140625 5.5293992294204e-09 -5.83497692904762e-08 -0.1962 0
0.14453125 5.29940122138721e-09 -5.93871768336639e-08 -0.1962 0
0.1484375 5.0654369104074e-09 -6.03801364242196e-08 -0.1962 0
0.15234375 4.82768140557299e-09 -6.13279048878892e-08 -0.1962 0
0.15625 4.58631265347077e-09 -6.22297728734285e-08 -0.1962 0
0.16015625 4.34151130499933e-09 -6.30850653835124e-08 -0.1962 0
0.1640625 4.09346058016208e-09 -6.38931422799326e-08 -0.1962 0
0.16796875 3.84234613093736e-09 -6.46533987627049e-08 -0.1962 0
0.171875 3.58835590232844e-09 -6.53652658227278e-08 -0.1962 0
0.17578125 3.3316799916973e-09 -6.60282106676535e-08 -0.1962 0
0.1796875 3.0725105064874e-09 -6.66417371206534e-08 -0.1962 0
0.18359375 2.81104142044219e-09 -6.72053859917782e-08 -0.1962 0
0.1875 2.54746842842663e-09 -6.77187354216357e-08 -0.1962 0
0.19140625 2.28198879996066e-09 -6.81814011971286e-08 -0.1962 0
0.1953125 2.01480123157407e-09 -6.85930370390169e-08 -0.1962 0
0.19921875 1.74610569809334e-09 -6.89533348610875e-08 -0.1962 0
0.203125 1.47610330297182e-09 -6.92620250007404e-08 -0.1962 0
0.20703125 1.20499612777506e-09 -6.95188764208149e-08 -0.1962 0
0.2109375 9.32987080934204e-10 -6.97236968825086e-08 -0.1962 0
0.21484375 6.60279745880461e-10 -6.98763330892571e-08 -0.1962 0
0.21875 3.87078228674383e-10 -6.99766708014679e-08 -0.1962 0
0.22265625 1.13587005243993e-10 -7.0024634922022e-08 -0.1962 0
0.2265625 -1.59989231653914e-10 -7.00201895524802e-08 -0.1962 0
0.23046875 -4.33445725634759e-10 -6.99633380199509e-08 -0.1962 0
0.234375 -7.06577809934781e-10 -6.98541228745999e-08 -0.1962 0
0.23828125 -9.79181060592571e-10 -6.96926258578043e-08 -0.1962 0
0.2421875 -1.25105144944888e-09 -6.94789678409732e-08 -0.1962 0
0.24609375 -1.52198549685017e-09 -6.92133087350826e-08 -0.1962 0
0.25 -1.79178042394171e-09 -6.88958473709911e-08 -0.1962 0
0.25390625 -2.06023430443604e-09 -6.8526821350626e-08 -0.1962 0
0.2578125 -2.32714621574348e-09 -6.81065068691518e-08 -0.1962 0
0.26171875 -2.59231638935129e-09 -6.76352185082536e-08 -0.1962 0
0.265625 -2.85554636033921e-09 -6.71133090006904e-08 -0.1962 0
0.26953125 -3.11663911591918e-09 -6.6541168966295e-08 -0.1962 0
0.2734375 -3.37539924288839e-09 -6.59192266196163e-08 -0.1962 0
0.27734375 -3.63163307388494e-09 -6.52479474494254e-08 -0.1962 0
0.28125 -3.88514883233702e-09 -6.45278338703235e-08 -0.1962 0
0.28515625 -4.13575677599684e-09 -6.37594248467126e-08 -0.1962 0
0.2890625 -4.38326933895196e-09 -6.29432954894113e-08 -0.1962 0
0.29296875 -4.62750127200786e-09 -6.20800566252168e-08 -0.1962 0
0.296875 -4.86826978133647e-09 -6.11703543397353e-08 -0.1962 0
0.30078125 -5.10539466528705e-09 -6.02148694938234e-08 -0.1962 0
0.3046875 -5.33869844925697e-09 -5.92143172140024e-08 -0.1962 0
0.30859375 -5.56800651852144e-09 -5.81694463572259e-08 -0.1962 0
0.3125 -5.79314724892279e-09 -5.70810389504034e-08 -0.1962 0
0.31640625 -6.01395213532147e-09 -5.59499096050964e-08 -0.1962 0
0.3203125 -6.23025591771261e-09 -5.47769049078282e-08 -0.1962 0
0.32421875 -6.44189670491387e-09 -5.35629027864613e-08 -0.1962 0
0.328125 -6.64871609573184e-09 -5.23088118531182e-08 -0.1962 0
0.33203125 -6.85055929751636e-09 -5.10155707241361e-08 -0.1962 0
0.3359375 -7.04727524201415e-09 -4.96841473175659e-08 -0.1962 0
0.33984375 -7.23871669843484e-09 -4.83155381287397e-08 -0.1962 0
0.34375 -7.42474038364493e-09 -4.69107674844506e-08 -0.1962 0
0.34765625 -7.60520706940711e-09 -4.54708867763018e-08 -0.1962 0
0.3515625 -7.77998168658479e-09 -4.3996973673799e-08 -0.1962 0
0.35546875 -7.94893342623367e-09 -4.24901313177761e-08 -0.1962 0
0.359375 -8.11193583750491e-09 -4.09514874947558e-08 -0.1962 0
0.36328125 -8.26886692228645e-09 -3.93821937928656e-08 -0.1962 0
0.3671875 -8.41960922651167e-09 -3.77834247399388e-08 -0.1962 0
0.37109375 -8.56404992806722e-09 -3.61563769244464e-08 -0.1962 0
0.375 -8.70208092123391e-09 -3.45022680999186e-08 -0.1962 0
0.37890625 -8.83359889759783e-09 -3.28223362735247e-08 -0.1962 0
0.3828125 -8.95850542337082e-09 -3.11178387794944e-08 -0.1962 0
0.38671875 -9.07670701306263e-09 -2.93900513380744e-08 -0.1962 0
0.390625 -9.18811519944953e-09 -2.76402671007234e-08 -0.1962 0
0.39453125 -9.29264659978703e-09 -2.58697956822613e-08 -0.1962 0
0.3984375 -9.39022297821719e-09 -2.40799621806967e-08 -0.1962 0
0.40234375 -9.48077130432372e-09 -2.2272106185465e-08 -0.1962 0
0.40625 -9.56422380779114e-09 -2.04475807748219e-08 -0.1962 0
0.41015625 -9.64051802912702e-09 -1.86077515031406e-08 -0.1962 0
0.4140625 -9.70959686640943e-09 -1.6753995378871e-08 -0.1962 0
0.41796875 -9.77140861802445e-09 -1.48876998339267e-08 -0.1962 0
0.421875 -9.82590702136198e-09 -1.30102616852706e-08 -0.1962 0
0.42578125 -9.87305128744063e-09 -1.11230860894761e-08 -0.1962 0
0.4296875 -9.91280613143601e-09 -9.22758549104665e-09 -0.1962 0
0.43359375 -9.94514179908943e-09 -7.32517856528049e-09 -0.1962 0
0.4375 -9.97003408897726e-09 -5.41728915647254e-09 -0.1962 0
0.44140625 -9.98746437062437e-09 -3.50534521224703e-09 -0.1962 0
0.4453125 -9.99741959844794e-09 -1.5907777148193e-09 -0.1962 0
0.44921875 -9.9998923215214e-09 3.249803900137e-10 -0.1962 0
0.453125 -9.99488068915096e-09 2.24049526535253e-09 -0.1962 0
0.45703125 -9.98238845226083e-09 4.15433325634129e-09 -0.1962 0
0.4609375 -9.9624249605858e-09 6.06506196317748e-09 -0.1962 0
0.46484375 -9.93500515567351e-09 7.9712513131824e-09 -0.1962 0
0.46875 -9.90014955970156e-09 9.87147463112995e-09 -0.1962 0
0.47265625 -9.8578842601178e-09 1.17643097070326e-08 -0.1962 0
0.4765625 -9.80824089011537e-09 1.36483398605852e-08 -0.1962 0
0.48046875 -9.75125660495698e-09 1.55221550014705e-08 -0.1962 0
0.484375 -9.68697405416638e-09 1.73843526847322e-08 -0.1962 0
0.48828125 -9.61544134960751e-09 1.92335391604258e-08 -0.1962 0
0.4921875 -9.53671202947555e-09 2.10683304167618e-08 -0.1962 0
0.49609375 -9.45084501822656e-09 2.28873532159606e-08 -0.1962 0
0.5 -9.35790458247586e-09 2.46892461220435e-08 -0.1962 0
0.50390625 -9.2579602828981e-09 2.64726605197908e-08 -0.1962 0
0.5078125 -9.15108692216499e-09 2.82362616241039e-08 -0.1962 0
0.51171875 -9.03736448895978e-09 2.99787294790174e-08 -0.1962 0
0.515625 -8.91687809811017e-09 3.16987599456107e-08 -0.1962 0
0.51953125 -8.7897179268847e-09 3.33950656780833e-08 -0.1962 0
0.5234375 -8.65597914750015e-09 3.50663770872603e-08 -0.1962 0
0.52734375 -8.51576185589048e-09 3.67114432908077e-08 -0.1962 0
0.53125 -8.36917099679071e-09 3.83290330494484e-08 -0.1962 0
0.53515625 -8.21631628519166e-09 3.99179356884742e-08 -0.1962 0
0.5390625 -8.0573121242245e-09 4.14769620038685e-08 -0.1962 0
0.54296875 -7.89227751953644e-09 4.30049451523577e-08 -0.1962 0
0.546875 -7.72133599022171e-09 4.45007415247281e-08 -0.1962 0
0.55078125 -7.5446154763745e-09 4.59632316017526e-08 -0.1962 0
0.5546875 -7.36224824333302e-09 4.73913207920879e-08 -0.1962 0
0.55859375 -7.17437078268632e-09 4.87839402515141e-08 -0.1962 0
0.5625 -6.98112371011806e-09 5.01400476829049e-08 -0.1962 0
0.56640625 -6.78265166016362e-09 5.14586281163273e-08 -0.1962 0
0.5703125 -6.57910317795926e-09 5.27386946686905e-08 -0.1962 0
0.57421875 -6.37063060806448e-09 5.39792892823711e-08 -0.1962 0
0.578125 -6.15738998044073e-09 5.5179483442266e-08 -0.1962 0
0.58203125 -5.93954089367177e-09 5.63383788707332e-08 -0.1962 0
0.5859375 -5.71724639551313e-09 5.74551081999022e-08 -0.1962 0
0.58984375 -5.49067286086004e-09 5.85288356208496e-08 -0.1962 0
0.59375 -5.25998986722524e-09 5.95587575091555e-08 -0.1962 0
0.59765625 -5.02537006781976e-09 6.05441030263702e-08 -0.1962 0
0.6015625 -4.78698906233172e-09 6.14841346969443e-08 -0.1962 0
0.60546875 -4.54502526549988e-09 6.23781489601868e-08 -0.1962 0
0.609375 -4.29965977358026e-09 6.32254766968408e-08 -0.1962 0
0.61328125 -4.05107622880582e-09 6.40254837298819e-08 -0.1962 0
0.6171875 -3.79946068194056e-09 6.47775712991634e-08 -0.1962 0
0.62109375 -3.5450014530311e-09 6.54811765095547e-08 -0.1962 0
0.625 -3.28788899045967e-09 6.61357727522368e-08 -0.1962 0
0.62890625 -3.02831572840425e-09 6.67408700988389e-08 -0.1962 0
0.6328125 -2.76647594281249e-09 6.72960156681225e-08 -0.1962 0
0.63671875 -2.50256560599704e-09 6.78007939649371e-08 -0.1962 0
0.640625 -2.23678223996142e-09 6.82548271911954e-08 -0.1962 0
0.64453125 -1.96932476856583e-09 6.86577755286335e-08 -0.1962 0
0.6484375 -1.70039336864397e-09 6.90093373931455e-08 -0.1962 0
0.65234375 -1.43018932018188e-09 6.93092496605027e-08 -0.1962 0
0.65625 -1.15891485567129e-09 6.95572878632871e-08 -0.1962 0
0.66015625 -8.86773008749951e-10 6.97532663588923e-08 -0.1962 0
0.6640625 -6.13967462242443e-10 6.98970384684668e-08 -0.1962 0
0.66796875 -3.40702395715054e-10 6.9988496586695e-08 -0.1962 0
0.671875 -6.71823326588887e-11 7.00275722623331e-08 -0.1962 0
0.67578125 2.06388012584424e-10 7.00142362494418e-08 -0.1962 0
0.6796875 4.79803888039875e-10 6.99484985292746e-08 -0.1962 0
0.68359375 7.52860657344382e-10 6.98304083028076e-08 -0.1962 0
0.6875 1.02535395290556e-09 6.96600539539155e-08 -0.1962 0
0.69140625 1.29707982885935e-09 6.9437562983221e-08 -0.1962 0
0.6953125 1.56783491371197e-09 6.91631019126681e-08 -0.1962 0
0.69921875 1.83741656255207e-09 6.88368761608893e-08 -0.1962 0
0.703125 2.10562300871892e-09 6.84591298894618e-08 -0.1962 0
0.70703125 2.37225351481349e-09 6.80301458201664e-08 -0.1962 0
0.7109375 2.63710852293897e-09 6.75502450233856e-08 -0.1962 0
0.71484375 2.89998980405869e-09 6.70197866778012e-08 -0.1962 0
0.71875 3.16070060635929e-09 6.64391678015687e-08 -0.1962 0
0.72265625 3.41904580250844e-09 6.58088229551723e-08 -0.1962 0
0.7265625 3.67483203569658e-09 6.51292239161802e-08 -0.1962 0
0.73046875 3.9278678643536e-09 6.44008793261461e-08 -0.1962 0
0.734375 4.17796390543209e-09 6.36243343099196e-08 -0.1962 0
0.73828125 4.42493297614985e-09 6.28001700676508e-08 -0.1962 0
0.7421875 4.66859023408561e-09 6.19290034397953e-08 -0.1962 0
0.74609375 4.90875331552325e-09 6.10114864454431e-08 -0.1962 0
0.75 5.14524247194064e-09 6.00483057943199e-08 -0.1962 0
0.75390625 5.37788070454137e-09 5.90401823728229e-08 -0.1962 0
0.7578125 5.60649389672832e-09 5.79878707044786e-08 -0.1962 0
0.76171875 5.83091094442011e-09 5.68921583852241e-08 -0.1962 0
0.765625 6.05096388411288e-09 5.57538654939359e-08 -0.1962 0
0.76953125 6.26648801859148e-09 5.45738439786475e-08 -0.1962 0
0.7734375 6.47732204019606e-09 5.33529770189141e-08 -0.1962 0
0.77734375 6.68330815155175e-09 5.20921783648023e-08 -0.1962 0
0.78125 6.88429218367108e-09 5.07923916530002e-08 -0.1962 0
0.78515625 7.08012371134081e-09 4.94545897005581e-08 -0.1962 0
0.7890625 7.27065616570669e-09 4.80797737767902e-08 -0.1962 0
0.79296875 7.45574694397199e-09 4.66689728538805e-08 -0.1962 0
0.796875 7.63525751612763e-09 4.52232428367558e-08 -0.1962 0
0.80078125 7.80905352863414e-09 4.37436657727996e-08 -0.1962 0
0.8046875 7.97700490497763e-09 4.22313490420014e-08 -0.1962 0
0.80859375 8.13898594302478e-09 4.06874245281449e-08 -0.1962 0
0.8125 8.29487540910376e-09 3.91130477716568e-08 -0.1962 0
0.81640625 8.44455662874085e-09 3.75093971047501e-08 -0.1962 0
0.8203125 8.58791757398462e-09 3.58776727695085e-08 -0.1962 0
0.82421875 8.72485094725263e-09 3.42190960195735e-08 -0.1962 0
0.828125 8.85525426163754e-09 3.25349082061047e-08 -0.1962 0
0.83203125 8.97902991761282e-09 3.0826369848698e-08 -0.1962 0
0.8359375 9.09608527608049e-09 2.90947596919584e-08 -0.1962 0
0.83984375 9.20633272770625e-09 2.73413737484316e-08 -0.1962 0
0.84375 9.30968975849012e-09 2.55675243286114e-08 -0.1962 0
0.84765625 9.40607901152352e-09 2.37745390587497e-08 -0.1962 0
0.8515625 9.4954283448866e-09 2.1963759887203e-08 -0.1962 0
0.85546875 9.5776708856423e-09 2.01365420800596e-08 -0.1962 0
0.859375 9.65274507988706e-09 1.82942532067994e-08 -0.1962 0
0.86328125 9.72059473882042e-09 1.64382721167455e-08 -0.1962 0
0.8671875 9.78116908079914e-09 1.45699879070729e-08 -0.1962 0
0.87109375 9.83442276934443e-09 1.26907988831481e-08 -0.1962 0
0.875 9.88031594707373e-09 1.08021115119756e-08 -0.1962 0
0.87890625 9.91881426553174e-09 8.90533936953749e-09 -0.1962 0
0.8828125 9.94988891089824e-09 7.00190208281115e-09 -0.1962 0
0.88671875 9.9735166255537e-09 5.09322426725847e-09 -0.1962 0
0.890625 9.9896797254862e-09 3.1807344605817e-09 -0.1962 0
0.89453125 9.99836611352699e-09 1.26586405354343e-09 -0.1962 0
0.8984375 9.99956928840451e-09 -6.49953781348642e-10 -0.1962 0
0.90234375 9.99328834961021e-09 -2.56528516249048e-09 -0.1962 0
0.90625 9.97952799807255e-09 -4.47869657236126e-09 -0.1962 0
0.91015625 9.95829853263863e-09 -6.38875593043037e-09 -0.1962 0
0.9140625 9.92961584236606e-09 -8.29403366498893e-09 -0.1962 0
0.91796875 9.89350139463091e-09 -1.01931037831036e-08 -0.1962 0
0.921875 9.84998221906057e-09 -1.20845449378918e-08 -0.1962 0
0.92578125 9.79909088730363e-09 -1.39669414923198e-08 -0.1962 0
0.9296875 9.74086548865182e-09 -1.58388845787273e-08 -0.1962 0
0.93359375 9.67534960153232e-09 -1.7698973153285e-08 -0.1962 0
0.9375 9.60259226089178e-09 -1.95458150445973e-08 -0.1962 0
0.94140625 9.5226479214964e-09 -2.1378027995664e-08 -0.1962 0
0.9453125 9.43557641717565e-09 -2.31942406984215e-08 -0.1962 0
0.94921875 9.34144291603998e-09 -2.49930938200899e-08 -0.1962 0
0.953125 9.2403178717062e-09 -2.67732410205566e-08 -0.1962 0
0.95703125 9.13227697056689e-09 -2.85333499600361e-08 -0.1962 0
0.9609375 9.01740107514342e-09 -3.02721032962511e-08 -0.1962 0
0.96484375 8.89577616356492e-09 -3.19881996703891e-08 -0.1962 0
0.96875 8.7674932652185e-09 -3.36803546810958e-08 -0.1962 0
0.97265625 8.63264839261886e-09 -3.53473018457773e-08 -0.1962 0
0.9765625 8.49134246954837e-09 -3.69877935484908e-08 -0.1962 0
0.98046875 8.34368125552128e-09 -3.86006019737147e-08 -0.1962 0
0.984375 8.18977526662872e-09 -4.01845200252996e-08 -0.1962 0
0.98828125 8.02973969282363e-09 -4.17383622299112e-08 -0.1962 0
0.9921875 7.86369431170754e-09 -4.32609656242906e-08 -0.1962 0
0.99609375 7.69176339888386e-09 -4.47511906256666e-08 -0.1962 0
1 7.51407563494452e-09 -4.62079218846691e-08 -0.1962 0
1.00390625 7.33076400915988e-09 -4.76300691201053e-08 -0.1962 0
1.0078125 7.1419657199437e-09 -4.90165679349735e-08 -0.1962 0
1.01171875 6.9478220721679e-09 -5.03663806131045e-08 -0.1962 0
1.015625 6.74847837140382e-09 -5.16784968958334e-08 -0.1962 0
1.01953125 6.5440838151692e-09 -5.29519347381213e-08 -0.1962 0
1.0234375 6.33479138126225e-09 -5.41857410435607e-08 -0.1962 0
1.02734375 6.12075771326638e-09 -5.53789923777143e-08 -0.1962 0
1.03125 5.90214300331135e-09 -5.65307956592536e-08 -0.1962 0
1.03515625 5.67911087217846e-09 -5.76402888283801e-08 -0.1962 0
1.0390625 5.45182824683963e-09 -5.87066414920282e-08 -0.1962 0
1.04296875 5.22046523552199e-09 -5.97290555453678e-08 -0.1962 0
1.046875 4.98519500039145e-09 -6.07067657691403e-08 -0.1962 0
1.05078125 4.74619362795058e-09 -6.16390404023829e-08 -0.1962 0
1.0546875 4.50363999724783e-09 -6.25251816901094e-08 -0.1962 0
1.05859375 4.2577156459966e-09 -6.33645264055413e-08 -0.1962 0
1.0625 4.00860463470454e-09 -6.41564463464952e-08 -0.1962 0
1.06640625 3.75649340891461e-09 -6.49003488055567e-08 -0.1962 0
1.0703125 3.50157065966113e-09 -6.55956770136889e-08 -0.1962 0
1.07421875 3.24402718224517e-09 -6.62419105569418e-08 -0.1962 0
1.078125 2.98405573343502e-09 -6.68385657659537e-08 -0.1962 0
1.08203125 2.72185088719865e-09 -6.738519607795e-08 -0.1962 0
1.0859375 2.45760888907604e-09 -6.788139237097e-08 -0.1962 0
1.08984375 2.19152750930045e-09 -6.83267832700723e-08 -0.1962 0
1.09375 1.9238058947786e-09 -6.87210354252873e-08 -0.1962 0
1.09765625 1.65464442004039e-09 -6.90638537611113e-08 -0.1962 0
1.1015625 1.38424453726992e-09 -6.93549816973536e-08 -0.1962 0
1.10546875 1.11280862552982e-09 -6.95942013411726e-08 -0.1962 0
1.109375 8.40539839292005e-10 -6.9781333650156e-08 -0.1962 0
1.11328125 5.67641956387973e-10 -6.99162385663242e-08 -0.1962 0
1.1171875 2.94319225492597e-10 -6.99988151209555e-08 -0.1962 0
1.12109375 2.07762132555083e-11 -7.00290015101559e-08 -0.1962 0
1.125 -2.52782348805496e-10 -7.00067751411154e-08 -0.1962 0
1.12890625 -5.26151717534456e-10 -6.99321526490178e-08 -0.1962 0
1.1328125 -7.99127291375948e-10 -6.980518988459e-08 -0.1962 0
1.13671875 -1.07150476350782e-09 -6.96259818723008e-08 -0.1962 0
1.140625 -1.3430802747533e-09 -6.93946627392409e-08 -0.1962 0
1.14453125 -1.61365056615813e-09 -6.91114056147356e-08 -0.1962 0
1.1484375 -1.88301313111842e-09 -6.8776422500768e-08 -0.1962 0
1.15234375 -2.15096636694538e-09 -6.8389964113307e-08 -0.1962 0
1.15625 -2.41730972575363e-09 -6.79523196946607e-08 -0.1962 0
1.16015625 -2.68184386455992e-09 -6.74638167969949e-08 -0.1962 0
1.1640625 -2.94437079448015e-09 -6.69248210371787e-08 -0.1962 0
1.16796875 -3.20469402891288e-09 -6.63357358231408e-08 -0.1962 0
1.171875 -3.46261873059844e-09 -6.56970020519415e-08 -0.1962 0
1.17578125 -3.71795185744367e-09 -6.50090977797863e-08 -0.1962 0
1.1796875 -3.97050230700302e-09 -6.42725378642275e-08 -0.1962 0
1.18359375 -4.22008105950795e-09 -6.34878735788225e-08 -0.1962 0
1.1875 -4.46650131933757e-09 -6.26556922005366e-08 -0.1962 0
1.19140625 -4.70957865482464e-09 -6.17766165701994e-08 -0.1962 0
1.1953125 -4.94913113629225e-09 -6.08513046263434e-08 -0.1962 0
1.19921875 -5.18497947221795e-09 -5.98804489127742e-08 -0.1962 0
1.203125 -5.4169471434233e-09 -5.88647760602406e-08 -0.1962 0
1.20703125 -5.64486053518858e-09 -5.78050462425923e-08 -0.1962 0
1.2109375 -5.86854906719355e-09 -5.67020526078328e-08 -0.1962 0
1.21484375 -6.08784532118727e-09 -5.55566206844928e-08 -0.1962 0
1.21875 -6.30258516629115e-09 -5.43696077637686e-08 -0.1962 0
1.22265625 -6.51260788184171e-09 -5.31419022578879e-08 -0.1962 0
1.2265625 -6.7177562776809e-09 -5.18744230351836e-08 -0.1962 0
1.23046875 -6.91787681180409e-09 -5.05681187323726e-08 -0.1962 0
1.234375 -7.11281970527756e-09 -4.92239670445545e-08 -0.1962 0
1.23828125 -7.30243905433967e-09 -4.78429739934623e-08 -0.1962 0
1.2421875 -7.48659293960149e-09 -4.64261731745115e-08 -0.1962 0
1.24609375 -7.66514353226554e-09 -4.49746249832125e-08 -0.1962 0
1.25 -7.83795719728284e-09 -4.34894158215243e-08 -0.1962 0
1.25390625 -8.0049045933712e-09 -4.19716572847439e-08 -0.1962 0
1.2578125 -8.1658607698199e-09 -4.04224853295397e-08 -0.1962 0
1.26171875 -8.32070526000823e-09 -3.88430594237525e-08 -0.1962 0
1.265625 -8.46932217156797e-09 -3.72345616785986e-08 -0.1962 0
1.26953125 -8.61160027312228e-09 -3.55981959639266e-08 -0.1962 0
1.2734375 -8.74743307753614e-09 -3.39351870071887e-08 -0.1962 0
1.27734375 -8.87671892161594e-09 -3.22467794768012e-08 -0.1962 0
1.28125 -8.99936104219865e-09 -3.05342370505803e-08 -0.1962 0
1.28515625 -9.1152676485736e-09 -2.87988414699506e-08 -0.1962 0
1.2890625 -9.22435199118264e-09 -2.70418915806341e-08 -0.1962 0
1.29296875 -9.3265324265473e-09 -2.52647023605372e-08 -0.1962 0
1.296875 -9.42173247837434e-09 -2.34686039355637e-08 -0.1962 0
1.30078125 -9.50988089479389e-09 -2.16549405840912e-08 -0.1962 0
1.3046875 -9.59091170168755e-09 -1.98250697308541e-08 -0.1962 0
1.30859375 -9.66476425206619e-09 -1.79803609309877e-08 -0.1962 0
1.3125 -9.73138327146089e-09 -1.61221948449935e-08 -0.1962 0
1.31640625 -9.7907188992927e-09 -1.4251962205393e-08 -0.1962 0
1.3203125 -9.84272672619052e-09 -1.23710627758423e-08 -0.1962 0
1.32421875 -9.88736782722897e-09 -1.04809043034884e-08 -0.1962 0
1.328125 -9.92460879106152e-09 -8.58290146534939e-09 -0.1962 0
1.33203125 -9.95442174492701e-09 -6.67847480950908e-09 -0.1962 0
1.3359375 -9.97678437551081e-09 -4.76904969191636e-09 -0.1962 0
1.33984375 -9.99167994564511e-09 -2.85605520958687e-09 -0.1962 0
1.34375 -9.99909730683571e-09 -9.40923131004477e-10 -0.1962 0
1.34765625 -9.99903090760608e-09 9.74913175476714e-10 -0.1962 0
1.3515625 -9.9914807976523e-09 2.89001981442774e-09 -0.1962 0
1.35546875 -9.97645262780586e-09 4.80296343653462e-09 -0.1962 0
1.359375 -9.95395764580437e-09 6.7123123113795e-09 -0.1962 0
1.36328125 -9.92401268787321e-09 8.61663739901014e-09 -0.1962 0
1.3671875 -9.88664016612461e-09 1.05145134194957e-08 -0.1962 0
1.37109375 -9.8418680517834e-09 1.24045199196683e-08 -0.1962 0
1.375 -9.7897298542522e-09 1.42852423362524e-08 -0.1962 0
1.37890625 -9.73026459603143e-09 1.61552730545852e-08 -0.1962 0
1.3828125 -9.66351678351325e-09 1.80132124621373e-08 -0.1962 0
1.38671875 -9.58953637367098e-09 1.98576699960433e-08 -0.1962 0
1.390625 -9.50837873666916e-09 2.16872651838601e-08 -0.1962 0
1.39453125 -9.42010461442207e-09 2.35006286767722e-08 -0.1962 0
1.3984375 -9.32478007513188e-09 2.52964032744727e-08 -0.1962 0
1.40234375 -9.22247646384026e-09 2.70732449409504e-08 -0.1962 0
1.40625 -9.1132703490307e-09 2.88298238104256e-08 -0.1962 0
1.41015625 -8.99724346532131e-09 3.05648251826795e-08 -0.1962 0
1.4140625 -8.87448265229102e-09 3.22769505070327e-08 -0.1962 0
1.41796875 -8.74507978948511e-09 3.39649183542381e-08 -0.1962 0
1.421875 -8.60913172764854e-09 3.56274653755572e-08 -0.1962 0
1.42578125 -8.46674021623857e-09 3.72633472483065e-08 -0.1962 0
1.4296875 -8.31801182727114e-09 3.88713396071623e-08 -0.1962 0
1.43359375 -8.16305787555762e-09 4.0450238960529e-08 -0.1962 0
1.4375 -8.00199433539201e-09 4.1998863591285e-08 -0.1962 0
1.44140625 -7.8349417537507e-09 4.35160544412312e-08 -0.1962 0
1.4453125 -7.66202516006989e-09 4.50006759785806e-08 -0.1962 0
1.44921875 -7.48337397266804e-09 4.645161704784e-08 -0.1962 0
1.453125 -7.29912190188364e-09 4.78677917014469e-08 -0.1962 0
1.45703125 -7.10940685000049e-09 4.92481400125405e-08 -0.1962 0
1.4609375 -6.91437080803567e-09 5.05916288682567e-08 -0.1962 0
1.46484375 -6.71415974946723e-09 5.1897252742955e-08 -0.1962 0
1.46875 -6.50892352098133e-09 5.31640344507977e-08 -0.1962 0
1.47265625 -6.29881573032038e-09 5.43910258771187e-08 -0.1962 0
1.4765625 -6.08399363131634e-09 5.55773086880333e-08 -0.1962 0
1.48046875 -5.86461800619512e-09 5.67219950177598e-08 -0.1962 0
1.484375 -5.64085304524009e-09 5.78242281331365e-08 -0.1962 0
1.48828125 -5.41286622390499e-09 5.88831830748388e-08 -0.1962 0
1.4921875 -5.18082817746791e-09 5.98980672748141e-08 -0.1962 0
1.49609375 -4.9449125733205e-09 6.08681211494746e-08 -0.1962 0
1.5 -4.70529598098764e-09 6.17926186682027e-08 -0.1962 0
1.50390625 -4.46215773997517e-09 6.26708678967442e-08 -0.1962 0
1.5078125 -4.21567982554433e-09 6.35022115150816e-08 -0.1962 0
1.51171875 -3.96604671251359e-09 6.42860273094014e-08 -0.1962 0
1.515625 -3.71344523718963e-09 6.5021728637786e-08 -0.1962 0
1.51953125 -3.45806445753089e-09 6.57087648692822e-08 -0.1962 0
1.5234375 -3.20009551164836e-09 6.6346621796017e-08 -0.1962 0
1.52734375 -2.9397314747495e-09 6.69348220180538e-08 -0.1962 0
1.53125 -2.67716721463232e-09 6.74729253006987e-08 -0.1962 0
1.53515625 -2.4125992458378e-09 6.79605289039918e-08 -0.1962 0
1.5390625 -2.14622558256988e-09 6.83972678841351e-08 -0.1962 0
1.54296875 -1.87824559049299e-09 6.87828153666326e-08 -0.1962 0
1.546875 -1.60885983751806e-09 6.91168827909372e-08 -0.1962 0
1.55078125 -1.33826994368879e-09 6.9399220126422e-08 -0.1962 0
1.5546875 -1.06667843028039e-09 6.96296160595141e-08 -0.1962 0
1.55859375 -7.9428856822384e-10 6.98078981518513e-08 -0.1962 0
1.5625 -5.21304225969054e-10 6.99339329693418e-08 -0.1962 0
1.56640625 -2.47929716900856e-10 7.00076261820328e-08 -0.1962 0
1.5703125 2.56303535780771e-11 7.00289226347105e-08 -0.1962 0
1.57421875 2.99171241182819e-10 6.99978063881812e-08 -0.1962 -0
1.578125 5.72488215985742e-10 6.99143007312005e-08 -0.1962 -0
1.58203125 8.45376715645323e-10 6.97784681630432e-08 -0.1962 -0
1.5859375 1.11763249850952e-09 6.95904103467262e-08 -0.1962 -0
1.58984375 1.38905179647912e-09 6.93502680329192e-08 -0.1962 -0
1.59375 1.6594314675167e-09 6.90582209546009e-08 -0.1962 -0
1.59765625 1.92856914768694e-09 6.87144876925389e-08 -0.1962 -0
1.6015625 2.19626340261466e-09 6.83193255116946e-08 -0.1962 -0
1.60546875 2.46231387824705e-09 6.78730301686745e-08 -0.1962 -0
1.609375 2.72652145080743e-09 6.73759356903735e-08 -0.1962 -0
1.61328125 2.9886883758281e-09 6.68284141239741e-08 -0.1962 -0
1.6171875 3.24861843615098e-09 6.62308752584906e-08 -0.1962 -0
1.62109375 3.50611708878506e-09 6.55837663180646e-08 -0.1962 -0
1.625 3.76099161051086e-09 6.48875716272434e-08 -0.1962 -0
1.62890625 4.01305124212289e-09 6.41428122484901e-08 -0.1962 -0
1.6328125 4.26210733120219e-09 6.33500455921979e-08 -0.1962 -0
1.63671875 4.50797347331194e-09 6.25098649994998e-08 -0.1962 -0
1.640625 4.75046565151078e-09 6.16228992981862e-08 -0.1962 -0
1.64453125 4.98940237407902e-09 6.06898123320628e-08 -0.1962 -0
1.6484375 5.22460481035502e-09 5.97113024641009e-08 -0.1962 -0
1.65234375 5.45589692457981e-09 5.86881020537522e-08 -0.1962 -0
1.65625 5.68310560764996e-09 5.76209769088188e-08 -0.1962 -0
1.66015625 5.90606080667996e-09 5.65107257122898e-08 -0.1962 -0
1.6640625 6.12459565227722e-09 5.53581794245713e-08 -0.1962 -0
1.66796875 6.33854658343442e-09 5.41642006615603e-08 -0.1962 -0
1.671875 6.54775346994566e-09 5.29296830490246e-08 -0.1962 -0
1.67578125 6.75205973225492e-09 5.16555505537747e-08 -0.1962 -0
1.6796875 6.95131245864703e-09 5.03427567921267e-08 -0.1962 -0
1.68359375 7.14536251969341e-09 4.89922843161744e-08 -0.1962 -0
1.6875 7.33406467986714e-09 4.7605143878404e-08 -0.1962 -0
1.69140625 7.51727770624344e-09 4.61823736752034e-08 -0.1962 -0
1.6953125 7.69486447420466e-09 4.47250385698304e-08 -0.1962 -0
1.69921875 7.86669207007024e-09 4.32342292954228e-08 -0.1962 -0
1.703125 8.03263189057515e-09 4.17110616386461e-08 -0.1962 -0
1.70703125 8.19255973912217e-09 4.01566756045901e-08 -0.1962 -0
1.7109375 8.34635591873601e-09 3.85722345635395e-08 -0.1962 -0
1.71484375 8.49390532164982e-09 3.69589243802564e-08 -0.1962 -0
1.71875 8.63509751545677e-09 3.53179525264281e-08 -0.1962 -0
1.72265625 8.76982682576254e-09 3.36505471769422e-08 -0.1962 -0
1.7265625 8.89799241527663e-09 3.19579562906669e-08 -0.1962 -0
1.73046875 9.01949835928337e-09 3.02414466764243e-08 -0.1962 -0
1.734375 9.13425371743619e-09 2.85023030448558e-08 -0.1962 -0
1.73828125 9.24217260182131e-09 2.67418270468879e-08 -0.1962 -0
1.7421875 9.34317424124e-09 2.49613362995204e-08 -0.1962 -0
1.74609375 9.43718304166131e-09 2.31621633996643e-08 -0.1962 -0
1.75 9.52412864279988e-09 2.13456549267682e-08 -0.1962 -0
1.75390625 9.60394597077669e-09 1.95131704349792e-08 -0.1962 -0
1.7578125 9.67657528682316e-09 1.76660814355939e-08 -0.1962 -0
1.76171875 9.74196223199227e-09 1.5805770370559e-08 -0.1962 -0
1.765625 9.80005786784315e-09 1.39336295777916e-08 -0.1962 -0
1.76953125 9.85081871306876e-09 1.20510602490929e-08 -0.1962 -0
1.7734375 9.89420677603919e-09 1.01594713814352e-08 -0.1962 -0
1.77734375 9.93018958323622e-09 8.26027872240692e-09 -0.1962 -0
1.78125 9.95874020355799e-09 6.35490371060563e-09 -0.1962 -0
1.78515625 9.97983726847533e-09 4.44477241177119e-09 -0.1962 -0
1.7890625 9.99346498802495e-09 2.53131445145608e-09 -0.1962 -0
1.79296875 9.99961316262733e-09 6.15961945031283e-10 -0.1962 -0
1.796875 9.99827719072051e-09 -1.29985157417128e-09 -0.1962 0
1.80078125 9.98945807220412e-09 -3.21469222777763e-09 -0.1962 0
1.8046875 9.973162407691e-09 -5.12712686554884e-09 -0.1962 0
1.80859375 9.94940239356702e-09 -7.0357241380131e-09 -0.1962 0
1.8125 9.91819581286277e-09 -8.93905556775018e-09 -0.1962 0
1.81640625 9.87956602194397e-09 -1.08356966185261e-08 -0.1962 0
1.8203125 9.83354193303054e-09 -1.27242277614782e-08 -0.1962 0
1.82421875 9.78015799255742e-09 -1.46032355375526e-08 -0.1962 0
1.828125 9.71945415539341e-09 -1.64713136153983e-08 -0.1962 0
1.83203125 9.65147585493712e-09 -1.83270638439271e-08 -0.1962 0
1.8359375 9.57627396911273e-09 -2.01690972987506e-08 -0.1962 0
1.83984375 9.49390478229064e-09 -2.19960353217122e-08 -0.1962 0
1.84375 9.40442994316185e-09 -2.38065105527345e-08 -0.1962 0
1.84765625 9.3079164185974e-09 -2.55991679532117e-08 -0.1962 0
1.8515625 9.20443644352738e-09 -2.73726658201789e-08 -0.1962 0
1.85546875 9.09406746687725e-09 -2.91256767905018e-08 -0.1962 0
1.859375 8.97689209360159e-09 -3.08568888343329e-08 -0.1962 0
1.86328125 8.85299802285902e-09 -3.25650062370914e-08 -0.1962 0
1.8671875 8.72247798237431e-09 -3.42487505692334e-08 -0.1962 0
1.87109375 8.58542965903689e-09 -3.59068616430835e-08 -0.1962 0
1.875 8.44195562578772e-09 -3.75380984560144e-08 -0.1962 0
1.87890625 8.29216326484927e-09 -3.91412401192678e-08 -0.1962 0
1.8828125 8.13616468735594e-09 -4.07150867717203e-08 -0.1962 0
1.88671875 7.97407664944521e-09 -4.22584604779119e-08 -0.1962 0
1.890625 7.80602046487226e-09 -4.37702061096644e-08 -0.1962 0
1.89453125 7.63212191421346e-09 -4.52491922106295e-08 -0.1962 0
1.8984375 7.45251115072671e-09 -4.66943118431204e-08 -0.1962 0
1.90234375 7.26732260293908e-09 -4.81044834165917e-08 -0.1962 0
1.90625 7.07669487403459e-09 -4.94786514971494e-08 -0.1962 0
1.91015625 6.8807706381176e-09 -5.08157875974835e-08 -0.1962 0
1.9140625 6.67969653342925e-09 -5.21148909466327e-08 -0.1962 0
1.91796875 6.47362305259703e-09 -5.33749892390049e-08 -0.1962 0
1.921875 6.26270442999952e-09 -5.45951393620935e-08 -0.1962 0
1.92578125 6.04709852633067e-09 -5.57744281023435e-08 -0.1962 0
1.9296875 5.82696671044996e-09 -5.69119728286406e-08 -0.1962 0
1.93359375 5.60247373860692e-09 -5.80069221529105e-08 -0.1962 0
1.9375 5.37378763113035e-09 -5.90584565673356e-08 -0.1962 0
1.94140625 5.14107954667461e-09 -6.00657890577093e-08 -0.1962 0
1.9453125 4.904523654117e-09 -6.10281656924726e-08 -0.1962 0
1.94921875 4.66429700220217e-09 -6.19448661869891e-08 -0.1962 0
1.953125 4.42057938703114e-09 -6.28152044426374e-08 -0.1962 0
1.95703125 4.17355321749406e-09 -6.3638529060317e-08 -0.1962 0
1.9609375 3.92340337874742e-09 -6.44142238279842e-08 -0.1962 0
1.96484375 3.67031709383794e-09 -6.5141708181852e-08 -0.1962 0
1.96875 3.4144837835767e-09 -6.58204376409091e-08 -0.1962 0
1.97265625 3.15609492476834e-09 -6.64499042144331e-08 -0.1962 0
1.9765625 2.89534390690144e-09 -6.70296367821937e-08 -0.1962 0
1.98046875 2.63242588740745e-09 -6.75592014470586e-08 -0.1962 0
1.984375 2.36753764559629e-09 -6.80382018597419e-08 -0.1962 0
1.98828125 2.10087743537821e-09 -6.84662795154485e-08 -0.1962 0
1.9921875 1.83264483688185e-09 -6.88431140221953e-08 -0.1962 0
1.99609375 1.56304060707981e-09 -6.91684233406061e-08 -0.1962 0
2 1.29226652953337e-09 -6.94419639950023e-08 -0.1962 0
