0 1e-08 0 -0.1962 -0
0.03125 9.760498046875e-09 -1.51445692062378e-08 -0.1962 0
0.0625 9.05346442461014e-09 -2.95637076316494e-08 -0.1962 0
0.09375 7.91276631989691e-09 -4.25667329131818e-08 -0.1962 0
0.125 6.39304361753628e-09 -5.35307950605427e-08 -0.1962 0
0.15625 4.56709162861299e-09 -6.19307112140368e-08 -0.1962 0
0.1875 2.52237416665898e-09 -6.73641221086944e-08 -0.1962 0
0.21875 3.56833996819589e-10 -6.95707652402354e-08 -0.1962 0
0.25 -1.82579866085574e-09 -6.8444941540689e-08 -0.1962 0
0.28125 -3.92097484947347e-09 -6.40405784050382e-08 -0.1962 0
0.3125 -5.82833481117063e-09 -5.65686465479352e-08 -0.1962 0
0.34375 -7.45651525871942e-09 -4.63870544240585e-08 -0.1962 0
0.375 -8.72752571267428e-09 -3.39835042733263e-08 -0.1962 0
0.40625 -9.58048427580232e-09 -1.99521309930954e-08 -0.1962 0
0.4375 -9.97453389974275e-09 -4.96504284449409e-09 -0.1962 0
0.46875 -9.8907994535832e-09 1.02598727958284e-08 -0.1962 0
0.5 -9.33329185000348e-09 2.49933365214678e-08 -0.1962 0
0.53125 -8.32871592099146e-09 3.85296096647069e-08 -0.1962 0
0.5625 -6.92519124595929e-09 5.02202994543778e-08 -0.1962 0
0.59375 -5.18994720509285e-09 5.95054172828794e-08 -0.1962 0
0.625 -3.20610266577933e-09 6.59402023792276e-08 -0.1962 0
0.65625 -1.06868455639112e-09 6.92164260237191e-08 -0.1962 0
0.6875 1.11992396070312e-09 6.91771558240081e-08 -0.1962 0
0.71875 3.25488768260939e-09 6.58242728380007e-08 -0.1962 0
0.75 5.23394101307816e-09 5.93183814704464e-08 -0.1962 0
0.78125 6.96228652451228e-09 4.9971116459215e-08 -0.1962 0
0.8125 8.3571357917791e-09 3.82302154496198e-08 -0.1962 0
0.84375 9.35167499011352e-09 2.46580721863099e-08 -0.1962 0
0.875 9.89826530342346e-09 9.90479763321631e-09 -0.1962 0
0.90625 9.97072484218954e-09 -5.32292059556991e-09 -0.1962 0
0.9375 9.56558276620034e-09 -2.02956688485625e-08 -0.1962 0
0.96875 8.70224553915438e-09 -3.42962466357132e-08 -0.1962 0
1 7.42206735146827e-09 -4.6654020812042e-08 -0.1962 0
1.03125 5.78636923840176e-09 -5.67770491672471e-08 -0.1962 0
1.0625 3.87350177851532e-09 -6.41804346888062e-08 -0.1962 0
1.09375 1.77509207035137e-09 -6.85095523182892e-08 -0.1962 0
1.125 -4.08345241377749e-10 -6.95570356301822e-08 -0.1962 0
1.15625 -2.57222265653502e-09 -6.72727097646725e-08 -0.1962 0
1.1875 -4.61288960166978e-09 -6.17659948230328e-08 -0.1962 0
1.21875 -6.43259733297456e-09 -5.3300664602028e-08 -0.1962 0
1.25 -7.94418113929653e-09 -4.2282211726014e-08 -0.1962 0
1.28125 -9.07523556585044e-09 -2.92384243918349e-08 -0.1962 0
1.3125 -9.77158266378622e-09 -1.47941051080275e-08 -0.1962 0
1.34375 -9.99986713510215e-09 3.58857589401827e-10 -0.1962 0
1.375 -9.7491540644486e-09 1.549463086812e-08 -0.1962 0
1.40625 -9.03145270584465e-09 2.98882052756651e-08 -0.1962 0
1.4375 -7.88114123471953e-09 4.28501229754256e-08 -0.1962 0
1.46875 -6.35332001988055e-09 5.3759503046334e-08 -0.1962 0
1.5 -4.52117229432366e-09 6.2093781921517e-08 -0.1962 0
1.53125 -2.47245864978574e-09 6.74537443872759e-08 -0.1962 0
1.5625 -3.05313270118918e-10 6.95826461477653e-08 -0.1962 0
1.59375 1.87645673444959e-09 6.83785119770556e-08 -0.1962 -0
1.625 3.96834372844706e-09 6.38990203722887e-08 -0.1962 -0
1.65625 5.87014550771764e-09 5.63587407311344e-08 -0.1962 -0
1.6875 7.49076502414296e-09 4.61188553938256e-08 -0.1962 -0
1.71875 8.75257396983174e-09 3.36698588679747e-08 -0.1962 -0
1.75 9.59513120339137e-09 1.96080629500592e-08 -0.1962 -0
1.78125 9.97807790421043e-09 4.6070331574362e-09 -0.1962 -0
1.8125 9.88307077573113e-09 -1.06146753230503e-08 -0.1962 0
1.84375 9.31466069651979e-09 -2.53279367092051e-08 -0.1962 0
1.875 8.30007473140582e-09 -3.88279800332637e-08 -0.1962 0
1.90625 6.88791194444081e-09 -5.04681479465493e-08 -0.1962 0
1.9375 5.14581548474649e-09 -5.96908718590748e-08 -0.1962 0
1.96875 3.15723245324863e-09 -6.60543796928039e-08 -0.1962 0
2 1.01741675394624e-09 -6.92538569367556e-08 -0.1962 0
