0 1e-08 0 -0.1962 -0
0.015625 9.94012451171875e-09 -7.64111802577972e-09 -0.1962 0
0.03125 9.76121506169438e-09 -1.51907329169978e-08 -0.1962 0
0.046875 9.46541410806257e-09 -2.25584372980648e-08 -0.1962 0
0.0625 9.05626389612986e-09 -2.96560021895151e-08 -0.1962 0
0.078125 8.53866403964022e-09 -3.6398433558652e-08 -0.1962 0
0.09375 7.91881284742198e-09 -4.27049901313895e-08 -0.1962 0
0.109375 7.2041330980343e-09 -4.85001502768945e-08 -0.1962 0
0.125 6.40318315126903e-09 -5.37145163864908e-08 -0.1962 0
0.140625 5.52555446095646e-09 -5.82856459168006e-08 -0.1962 0
0.15625 4.58175671636901e-09 -6.21587991452992e-08 -0.1962 0
0.171875 3.58309198766586e-09 -6.52875946838375e-08 -0.1962 0
0.1875 2.54151938249909e-09 -6.76345649002953e-08 -0.1962 0
0.203125 1.46951183453164e-09 -6.9171604597134e-08 -0.1962 0
0.21875 3.79906738838651e-10 -6.98803075738825e-08 -0.1962 0
0.234375 -7.14247777152193e-10 -6.9752187043185e-08 -0.1962 0
0.25 -1.79984910626088e-09 -6.87887772609084e-08 -0.1962 0
0.265625 -2.86389706655558e-09 -6.70016151532783e-08 -0.1962 0
0.28125 -3.89364957980083e-09 -6.44121021610613e-08 -0.1962 0
0.296875 -4.87677525908875e-09 -6.10512479552212e-08 -0.1962 0
0.3125 -5.80150107840149e-09 -5.69592990930814e-08 -0.1962 0
0.328125 -6.65675335574754e-09 -5.21852570618703e-08 -0.1962 0
0.34375 -7.43229036158494e-09 -4.67862914811269e-08 -0.1962 0
0.359375 -8.11882496453276e-09 -4.08270554909232e-08 -0.1962 0
0.375 -8.70813584567629e-09 -3.43789115241986e-08 -0.1962 0
0.390625 -9.19316594966396e-09 -2.75190767346561e-08 -0.1962 0
0.40625 -9.56810699363429e-09 -2.03296983138063e-08 -0.1962 0
0.421875 -9.82846902197041e-09 -1.28968697703265e-08 -0.1962 0
0.4375 -9.971134173957e-09 -5.30959995188712e-09 -0.1962 0
0.453125 -9.99439402046688e-09 2.34125284449172e-09 -0.1962 0
0.46875 -9.89797002256663e-09 9.96406890941979e-09 -0.1962 0
0.484375 -9.68301686704751e-09 1.7467564276104e-08 -0.1962 0
0.5 -9.35210863893838e-09 2.4761883854765e-08 -0.1962 0
0.515625 -8.90920799658611e-09 3.17596774561124e-08 -0.1962 0
0.53125 -8.35961871843487e-09 3.83771458183919e-08 -0.1962 0
0.546875 -7.70992218976136e-09 4.45350441117281e-08 -0.1962 0
0.5625 -6.96789858994336e-09 5.01596309027009e-08 -0.1962 0
0.578125 -6.14243372405195e-09 5.51835512152123e-08 -0.1962 0
0.59375 -5.24341261446798e-09 5.9546643112903e-08 -0.1962 0
0.609375 -4.28160112677374e-09 6.31966581442148e-08 -0.1962 0
0.625 -3.26851704746127e-09 6.60898870227009e-08 -0.1962 0
0.640625 -2.21629215731433e-09 6.81916830499997e-08 -0.1962 0
0.65625 -1.13752695214878e-09 6.94768770134307e-08 -0.1962 0
0.671875 -4.51397506446252e-11 6.99300785897745e-08 -0.1962 0
0.6875 1.04778800378168e-09 6.95458606458966e-08 -0.1962 0
0.703125 2.12816839453964e-09 6.83288242291961e-08 -0.1962 0
0.71875 3.18306376094406e-09 6.62935434696143e-08 -0.1962 0
0.734375 4.19984162796509e-09 6.3464391053005e-08 -0.1962 0
0.75 5.16632598135046e-09 5.98752463558415e-08 -0.1962 0
0.765625 6.07094307658514e-09 5.55690897363747e-08 -0.1962 0
0.78125 6.90286003561217e-09 5.0597487840646e-08 -0.1962 0
0.796875 7.65211457160532e-09 4.50199760868646e-08 -0.1962 0
0.8125 8.30973428832669e-09 3.8903345722961e-08 -0.1962 0
0.828125 8.86784412544786e-09 3.232084399487e-08 -0.1962 0
0.84375 9.31976066316638e-09 2.53512970036081e-08 -0.1962 0
0.859375 9.66007215681061e-09 1.80781657550153e-08 -0.1962 0
0.875 9.88470334301061e-09 1.05885467060604e-08 -0.1962 0
0.890625 9.990964241375e-09 2.97212877626265e-09 -0.1962 0
0.90625 9.97758236726882e-09 -4.67988068587781e-09 -0.1962 0
0.921875 9.84471796994131e-09 -1.22758481197853e-08 -0.1962 0
0.9375 9.59396211352553e-09 -1.9724811073645e-08 -0.1962 0
0.953125 9.22831762388991e-09 -2.69375674886468e-08 -0.1962 0
0.96875 8.75216312950531e-09 -3.38277439023502e-08 -0.1962 0
0.984375 8.17120062694146e-09 -4.03128297793324e-08 -0.1962 0
1 7.49238719890118e-09 -4.63151655829072e-08 -0.1962 0
1.015625 6.72385170247561e-09 -5.17628727556614e-08 -0.1962 0
1.03125 5.87479742528676e-09 -5.65907144721984e-08 -0.1962 0
1.046875 4.95539187521941e-09 -6.0740876856494e-08 -0.1962 0
1.0625 3.97664502352132e-09 -6.41636613087067e-08 -0.1962 0
1.078125 2.95027745932233e-09 -6.68180796507652e-08 -0.1962 0
1.09375 1.88858003443491e-09 -6.86723449638026e-08 -0.1962 0
1.109375 8.04266679203495e-10 -6.97042522396148e-08 -0.1962 0
1.125 -2.89677848053052e-10 -6.99014442878018e-08 -0.1962 0
1.140625 -1.38015345479031e-09 -6.92615597143294e-08 -0.1962 0
1.15625 -2.45410158912584e-09 -6.77922611994537e-08 -0.1962 0
1.171875 -3.49866161727324e-09 -6.55111437363765e-08 -0.1962 0
1.1875 -4.50132483088761e-09 -6.24455239294836e-08 -0.1962 0
1.203125 -5.4500842400696e-09 -5.86321128753395e-08 -0.1962 0
1.21875 -6.33357835824197e-09 -5.41165765437209e-08 -0.1962 0
1.234375 -7.14122725706088e-09 -4.89529889231693e-08 -0.1962 0
1.25 -7.86335926209101e-09 -4.32031844796974e-08 -0.1962 0
1.265625 -8.49132677205142e-09 -3.69360176830202e-08 -0.1962 0
1.28125 -9.01760981468539e-09 -3.02265384675558e-08 -0.1962 0
1.296875 -9.43590609916254e-09 -2.3155093502132e-08 -0.1962 0
1.3125 -9.74120648662701e-09 -1.58063640307807e-08 -0.1962 0
1.328125 -9.92985497512444e-09 -8.26835180657043e-09 -0.1962 0
1.34375 -9.99959248058234e-09 -6.31325262020295e-10 -0.1962 0
1.359375 -9.94958388956257e-09 7.01326146419539e-09 -0.1962 0
1.375 -9.78042805982623e-09 1.45738636994885e-08 -0.1962 0
1.390625 -9.49415064895355e-09 2.19599424937514e-08 -0.1962 0
1.40625 -9.0941798568965e-09 2.9083048832126e-08 -0.1962 0
1.421875 -8.58530537294962e-09 3.58578828205943e-08 -0.1962 0
1.4375 -7.97362101875293e-09 4.22033151605397e-08 -0.1962 0
1.453125 -7.26645177418275e-09 4.80433586800202e-08 -0.1962 0
1.46875 -6.4722660600023e-09 5.33080782875731e-08 -0.1962 0
1.484375 -5.60057432769609e-09 5.79344284517653e-08 -0.1962 0
1.5 -4.66181517088463e-09 6.18670081775887e-08 -0.1962 0
1.515625 -3.66723032214644e-09 6.50587244387853e-08 -0.1962 0
1.53125 -2.62873003217259e-09 6.74713561214365e-08 -0.1962 0
1.546875 -1.55875044335155e-09 6.90760117255338e-08 -0.1962 0
1.5625 -4.70104665749658e-10 6.98534753435136e-08 -0.1962 0
1.578125 6.24170661133248e-10 6.97944367726264e-08 -0.1962 -0
1.59375 1.71097148339492e-09 6.8899603005524e-08 -0.1962 -0
1.609375 2.77728325505587e-09 6.71796897639536e-08 -0.1962 -0
1.625 3.81033678851847e-09 6.46552931769433e-08 -0.1962 -0
1.640625 4.79776116683535e-09 6.13566431401456e-08 -0.1962 -0
1.65625 5.72773188664802e-09 5.7323241309885e-08 -0.1962 -0
1.671875 6.58911245776926e-09 5.26033880669657e-08 -0.1962 -0
1.6875 7.3715877637407e-09 4.72536041148949e-08 -0.1962 -0
1.703125 8.06578758635972e-09 4.13379536389384e-08 -0.1962 -0
1.71875 8.66339881495752e-09 3.49272771312462e-08 -0.1962 -0
1.734375 9.15726499671116e-09 2.80983430690403e-08 -0.1962 -0
1.75 9.54147203586503e-09 2.09329286046039e-08 -0.1962 -0
1.765625 9.81141901560504e-09 1.3516840275896e-08 -0.1962 -0
1.78125 9.96387329448678e-09 5.93888646488039e-09 -0.1962 -0
1.796875 9.99700921763255e-09 -1.71018609152159e-09 -0.1962 0
1.8125 9.91042997912673e-09 -9.33877900246723e-09 -0.1962 0
1.828125 9.70517237380545e-09 -1.68555391228682e-08 -0.1962 0
1.84375 9.3836943815371e-09 -2.41704525162241e-08 -0.1962 0
1.859375 8.94984573267344e-09 -3.11959223803024e-08 -0.1962 0
1.875 8.40882180715265e-09 -3.78478180273998e-08 -0.1962 0
1.890625 7.7671014193172e-09 -4.40464823575432e-08 -0.1962 0
1.90625 7.03236923347943e-09 -4.97176857600406e-08 -0.1962 0
1.921875 6.21342373931593e-09 -5.47935150203188e-08 -0.1962 0
1.9375 5.32007188909446e-09 -5.92131865872995e-08 -0.1962 0
1.953125 4.36301165846282e-09 -6.29237744623596e-08 -0.1962 0
1.96875 3.35370393714573e-09 -6.5880843993333e-08 -0.1962 0
1.984375 2.30423528367116e-09 -6.80489839838101e-08 -0.1962 0
2 1.22717318765166e-09 -6.94022307456725e-08 -0.1962 0
