0 1e-08 0 -0.1962 -0
0.001953125 9.99906444549561e-09 -9.57962999073788e-10 -0.1962 0
0.00390625 9.99625795703487e-09 -1.91574675282781e-09 -0.1962 0
0.005859375 9.99158105974237e-09 -2.87317204948106e-09 -0.1962 0
0.0078125 9.98503462871658e-09 -3.83005974432374e-09 -0.1962 0
0.009765625 9.97661988886611e-09 -4.78623079323725e-09 -0.1962 0
0.01171875 9.9663384146805e-09 -5.74150628619522e-09 -0.1962 0
0.013671875 9.95419212993566e-09 -6.69570748073958e-09 -0.1962 0
0.015625 9.94018330733386e-09 -7.64865583542519e-09 -0.1962 0
0.017578125 9.92431456807853e-09 -8.60017304322693e-09 -0.1962 0
0.01953125 9.90658888138376e-09 -9.55008106490283e-09 -0.1962 0
0.021484375 9.88700956391875e-09 -1.04982021623072e-08 -0.1962 0
0.0234375 9.86558027918724e-09 -1.14443589316474e-08 -0.1962 0
0.025390625 9.842305036842e-09 -1.23883743366779e-08 -0.1962 0
0.02734375 9.8171881919346e-09 -1.33300717418258e-08 -0.1962 0
0.029296875 9.7902344441005e-09 -1.42692749452414e-08 -0.1962 0
0.03125 9.76144883667975e-09 -1.5205808211767e-08 -0.1962 0
0.033203125 9.73083675577328e-09 -1.61394963058196e-08 -0.1962 0
0.03515625 9.69840392923514e-09 -1.70701645241787e-08 -0.1962 0
0.037109375 9.66415642560071e-09 -1.79976387286754e-08 -0.1962 0
0.0390625 9.62810065295125e-09 -1.8921745378776e-08 -0.1962 0
0.041015625 9.59024335771486e-09 -1.98423115640525e-08 -0.1962 0
0.04296875 9.55059162340417e-09 -2.07591650365368e-08 -0.1962 0
0.044921875 9.50915286929089e-09 -2.16721342429496e-08 -0.1962 0
0.046875 9.46593484901765e-09 -2.25810483568002e-08 -0.1962 0
0.048828125 9.42094564914714e-09 -2.348573731035e-08 -0.1962 0
0.05078125 9.37419368764909e-09 -2.43860318264338e-08 -0.1962 0
0.052734375 9.32568771232513e-09 -2.52817634501338e-08 -0.1962 0
0.0546875 9.27543679917201e-09 -2.61727645802987e-08 -0.1962 0
0.056640625 9.22345035068334e-09 -2.70588685009046e-08 -0.1962 0
0.05859375 9.16973809409035e-09 -2.79399094122485e-08 -0.1962 0
0.060546875 9.11431007954174e-09 -2.88157224619718e-08 -0.1962 0
0.0625 9.05717667822327e-09 -2.96861437759058e-08 -0.1962 0
0.064453125 8.99834858041711e-09 -3.05510104887342e-08 -0.1962 0
0.06640625 8.93783679350165e-09 -3.14101607744673e-08 -0.1962 0
0.068359375 8.87565263989185e-09 -3.22634338767212e-08 -0.1962 0
0.0703125 8.81180775492071e-09 -3.31106701387969e-08 -0.1962 0
0.072265625 8.74631408466217e-09 -3.39517110335543e-08 -0.1962 0
0.07421875 8.67918388369589e-09 -3.47863991930738e-08 -0.1962 0
0.076171875 8.61042971281423e-09 -3.56145784381019e-08 -0.1962 0
0.078125 8.54006443667205e-09 -3.64360938072741e-08 -0.1962 0
0.080078125 8.46810122137957e-09 -3.72507915861095e-08 -0.1962 0
0.08203125 8.39455353203881e-09 -3.80585193357727e-08 -0.1962 0
0.083984375 8.3194351302242e-09 -3.88591259215969e-08 -0.1962 0
0.0859375 8.24276007140757e-09 -3.96524615413626e-08 -0.1962 0
0.087890625 8.16454270232825e-09 -4.04383777533272e-08 -0.1962 0
0.08984375 8.08479765830864e-09 -4.12167275040003e-08 -0.1962 0
0.091796875 8.00353986051575e-09 -4.19873651556588e-08 -0.1962 0
0.09375 7.92078451316935e-09 -4.27501465135975e-08 -0.1962 0
0.095703125 7.83654710069701e-09 -4.35049288531094e-08 -0.1962 0
0.09765625 7.75084338483689e-09 -4.42515709461909e-08 -0.1962 0
0.099609375 7.66368940168845e-09 -4.49899330879673e-08 -0.1962 0
0.1015625 7.57510145871202e-09 -4.57198771228332e-08 -0.1962 0
0.103515625 7.48509613167739e-09 -4.64412664703025e-08 -0.1962 0
0.10546875 7.3936902615624e-09 -4.71539661505646e-08 -0.1962 0
0.107421875 7.30090095140174e-09 -4.78578428097403e-08 -0.1962 0
0.109375 7.20674556308685e-09 -4.85527647448337e-08 -0.1962 0
0.111328125 7.11124171411724e-09 -4.92386019283756e-08 -0.1962 0
0.11328125 7.01440727430413e-09 -4.99152260327526e-08 -0.1962 0
0.115234375 6.9162603624268e-09 -5.0582510454219e-08 -0.1962 0
0.1171875 6.81681934284234e-09 -5.12403303365857e-08 -0.1962 0
0.119140625 6.71610282204951e-09 -5.18885625945817e-08 -0.1962 0
0.12109375 6.61412964520725e-09 -5.25270859368854e-08 -0.1962 0
0.123046875 6.51091889260855e-09 -5.31557808888189e-08 -0.1962 0
0.125 6.4064898761103e-09 -5.37745298147033e-08 -0.1962 0
0.126953125 6.30086213551987e-09 -5.43832169398698e-08 -0.1962 0
0.12890625 6.19405543493894e-09 -5.49817283723219e-08 -0.1962 0
0.130859375 6.08608975906548e-09 -5.55699521240464e-08 -0.1962 0
0.1328125 5.97698530945438e-09 -5.61477781319672e-08 -0.1962 0
0.134765625 5.86676250073749e-09 -5.67150982785394e-08 -0.1962 0
0.13671875 5.75544195680384e-09 -5.72718064119793e-08 -0.1962 0
0.138671875 5.64304450694069e-09 -5.78177983661264e-08 -0.1962 0
0.140625 5.52959118193616e-09 -5.83529719799344e-08 -0.1962 0
0.142578125 5.41510321014408e-09 -5.88772271165863e-08 -0.1962 0
0.14453125 5.29960201351199e-09 -5.93904656822312e-08 -0.1962 0
0.146484375 5.18310920357286e-09 -5.98925916443386e-08 -0.1962 0
0.1484375 5.06564657740129e-09 -6.03835110496675e-08 -0.1962 0
0.150390625 4.9472361135351e-09 -6.08631320418456e-08 -0.1962 0
0.15234375 4.82789996786284e-09 -6.13313648785571e-08 -0.1962 0
0.154296875 4.70766046947823e-09 -6.17881219483341e-08 -0.1962 0
0.15625 4.58654011650216e-09 -6.22333177869496e-08 -0.1962 0
0.158203125 4.46456157187296e-09 -6.26668690934094e-08 -0.1962 0
0.16015625 4.34174765910603e-09 -6.30886947455378e-08 -0.1962 0
0.162109375 4.2181213580232e-09 -6.34987158151572e-08 -0.1962 0
0.1640625 4.09370580045307e-09 -6.38968555828556e-08 -0.1962 0
0.166015625 3.96852426590267e-09 -6.42830395523427e-08 -0.1962 0
0.16796875 3.84260017720173e-09 -6.46571954643879e-08 -0.1962 0
0.169921875 3.71595709611991e-09 -6.50192533103414e-08 -0.1962 0
0.171875 3.58861871895821e-09 -6.53691453452336e-08 -0.1962 0
0.173828125 3.46060887211509e-09 -6.57068061004505e-08 -0.1962 0
0.17578125 3.33195150762832e-09 -6.60321723959842e-08 -0.1962 0
0.177734375 3.20267069869328e-09 -6.63451833522538e-08 -0.1962 0
0.1796875 3.07279063515858e-09 -6.66457804014973e-08 -0.1962 0
0.181640625 2.94233561899993e-09 -6.69339072987302e-08 -0.1962 0
0.18359375 2.81133005977292e-09 -6.72095101322691e-08 -0.1962 0
0.185546875 2.67979847004575e-09 -6.74725373338195e-08 -0.1962 0
0.1875 2.54776546081268e-09 -6.77229396881248e-08 -0.1962 0
0.189453125 2.41525573688901e-09 -6.79606703421748e-08 -0.1962 0
0.19140625 2.28229409228856e-09 -6.81856848139728e-08 -0.1962 0
0.193359375 2.14890540558443e-09 -6.83979410008583e-08 -0.1962 0
0.1953125 2.01511463525396e-09 -6.85973991873847e-08 -0.1962 0
0.197265625 1.88094681500871e-09 -6.87840220527513e-08 -0.1962 0
0.19921875 1.7464270491104e-09 -6.89577746777855e-08 -0.1962 0
0.201171875 1.61158050767361e-09 -6.91186245514772e-08 -0.1962 0
0.203125 1.47643242195619e-09 -6.92665415770615e-08 -0.1962 0
0.205078125 1.34100807963822e-09 -6.94014980776506e-08 -0.1962 0
0.20703125 1.20533282009037e-09 -6.9523468801412e-08 -0.1962 0
0.208984375 1.0694320296327e-09 -6.96324309262938e-08 -0.1962 0
0.2109375 9.33331136784536e-10 -6.97283640642945e-08 -0.1962 0
0.212890625 7.97055607506549e-10 -6.98112502652784e-08 -0.1962 0
0.21484375 6.60630940435792e-10 -6.98810740203336e-08 -0.1962 0
0.216796875 5.24082662114621e-10 -6.99378222646746e-08 -0.1962 0
0.21875 3.87436322214407e-10 -6.9981484380086e-08 -0.1962 0
0.220703125 2.5071748875491e-10 -7.00120521969103e-08 -0.1962 0
0.22265625 1.13951743320226e-10 -7.00295199955756e-08 -0.1962 0
0.224609375 -2.28353237278071e-11 -7.00338845076664e-08 -0.1962 0
0.2265625 -1.59618118037846e-10 -7.0025144916535e-08 -0.1962 0
0.228515625 -2.96371046058022e-10 -7.0003302857454e-08 -0.1962 0
0.23046875 -4.33068519824776e-10 -6.99683624173109e-08 -0.1962 0
0.232421875 -5.69684961750643e-10 -6.99203301338429e-08 -0.1962 0
0.234375 -7.06194809410099e-10 -6.98592149944137e-08 -0.1962 0
0.236328125 -8.42572520322571e-10 -6.97850284343323e-08 -0.1962 0
0.23828125 -9.7879257673171e-10 -6.96977843347127e-08 -0.1962 0
0.240234375 -1.11482949038004e-09 -6.95974990198769e-08 -0.1962 0
0.2421875 -1.2506578072781e-09 -6.94841912543006e-08 -0.1962 0
0.244140625 -1.38625211246715e-09 -6.93578822391019e-08 -0.1962 0
0.24609375 -1.5215870347746e-09 -6.92185956080743e-08 -0.1962 0
0.248046875 -1.65663725156119e-09 -6.9066357423265e-08 -0.1962 0
0.25 -1.79137749345922e-09 -6.89011961700977e-08 -0.1962 0
0.251953125 -1.92578254910064e-09 -6.87231427520435e-08 -0.1962 0
0.25390625 -2.05982726983439e-09 -6.85322304848377e-08 -0.1962 0
0.255859375 -2.19348657443204e-09 -6.83284950902466e-08 -0.1962 0
0.2578125 -2.32673545378067e-09 -6.81119746893835e-08 -0.1962 0
0.259765625 -2.45954897556244e-09 -6.78827097955756e-08 -0.1962 0
0.26171875 -2.59190228891964e-09 -6.76407433067837e-08 -0.1962 0
0.263671875 -2.72377062910456e-09 -6.73861204975756e-08 -0.1962 0
0.265625 -2.85512932211329e-09 -6.71188890106545e-08 -0.1962 0
0.267578125 -2.98595378930243e-09 -6.68390988479446e-08 -0.1962 0
0.26953125 -3.11621955198808e-09 -6.65468023612353e-08 -0.1962 0
0.271484375 -3.24590223602601e-09 -6.62420542423856e-08 -0.1962 0
0.2734375 -3.37497757637239e-09 -6.59249115130906e-08 -0.1962 0
0.275390625 -3.50342142162402e-09 -6.55954335142119e-08 -0.1962 0
0.27734375 -3.63120973853728e-09 -6.52536818946749e-08 -0.1962 0
0.279296875 -3.75831861652509e-09 -6.48997205999329e-08 -0.1962 0
0.28125 -3.88472427213077e-09 -6.45336158600027e-08 -0.1962 0
0.283203125 -4.01040305347823e-09 -6.41554361770719e-08 -0.1962 0
0.28515625 -4.13533144469746e-09 -6.37652523126817e-08 -0.1962 0
0.287109375 -4.25948607032464e-09 -6.33631372744866e-08 -0.1962 0
0.2890625 -4.38284369967592e-09 -6.29491663025935e-08 -0.1962 0
0.291015625 -4.50538125119415e-09 -6.25234168554839e-08 -0.1962 0
0.29296875 -4.62707579676766e-09 -6.20859685955205e-08 -0.1962 0
0.294921875 -4.7479045660204e-09 -6.16369033740413e-08 -0.1962 0
0.296875 -4.86784495057251e-09 -6.11763052160443e-08 -0.1962 0
0.298828125 -4.98687450827057e-09 -6.07042603044659e-08 -0.1962 0
0.30078125 -5.10497096738683e-09 -6.02208569640548e-08 -0.1962 0
0.302734375 -5.22211223078641e-09 -5.97261856448454e-08 -0.1962 0
0.3046875 -5.338276380062e-09 -5.9220338905234e-08 -0.1962 0
0.306640625 -5.45344167963498e-09 -5.87034113946596e-08 -0.1962 0
0.30859375 -5.56758658082239e-09 -5.81754998358946e-08 -0.1962 0
0.310546875 -5.68068972586895e-09 -5.76367030069461e-08 -0.1962 0
0.3125 -5.79272995194328e-09 -5.70871217225743e-08 -0.1962 0
0.314453125 -5.90368629509775e-09 -5.65268588154285e-08 -0.1962 0
0.31640625 -6.01353799419104e-09 -5.59560191168058e-08 -0.1962 0
0.318359375 -6.12226449477277e-09 -5.53747094370366e-08 -0.1962 0
0.3203125 -6.22984545292947e-09 -5.47830385454987e-08 -0.1962 0
0.322265625 -6.33626073909113e-09 -5.41811171502657e-08 -0.1962 0
0.32421875 -6.44149044179769e-09 -5.35690578773921e-08 -0.1962 0
0.326171875 -6.54551487142469e-09 -5.29469752498398e-08 -0.1962 0
0.328125 -6.64831456386738e-09 -5.23149856660496e-08 -0.1962 0
0.330078125 -6.7498702841827e-09 -5.16732073781621e-08 -0.1962 0
0.33203125 -6.85016303018833e-09 -5.10217604698907e-08 -0.1962 0
0.333984375 -6.94917403601821e-09 -5.03607668340534e-08 -0.1962 0
0.3359375 -7.04688477563385e-09 -4.96903501497648e-08 -0.1962 0
0.337890625 -7.14327696629073e-09 -4.90106358592946e-08 -0.1962 0
0.33984375 -7.23833257195922e-09 -4.83217511445963e-08 -0.1962 0
0.341796875 -7.33203380669931e-09 -4.76238249035091e-08 -0.1962 0
0.34375 -7.42436313798855e-09 -4.6916987725641e-08 -0.1962 0
0.345703125 -7.51530329000259e-09 -4.62013718679331e-08 -0.1962 0
0.34765625 -7.60483724684766e-09 -4.5477111229913e-08 -0.1962 0
0.349609375 -7.69294825574444e-09 -4.47443413286414e-08 -0.1962 0
0.3515625 -7.77961983016267e-09 -4.40031992733546e-08 -0.1962 0
0.353515625 -7.86483575290598e-09 -4.32538237398101e-08 -0.1962 0
0.35546875 -7.9485800791463e-09 -4.24963549443392e-08 -0.1962 0
0.357421875 -8.0308371394073e-09 -4.17309346176107e-08 -0.1962 0
0.359375 -8.11159154249634e-09 -4.09577059781113e-08 -0.1962 0
0.361328125 -8.1908281783843e-09 -4.01768137053484e-08 -0.1962 0
0.36328125 -8.26853222103286e-09 -3.93884039127787e-08 -0.1962 0
0.365234375 -8.3446891311686e-09 -3.85926241204686e-08 -0.1962 0
0.3671875 -8.41928465900344e-09 -3.77896232274921e-08 -0.1962 0
0.369140625 -8.49230484690099e-09 -3.69795514840696e-08 -0.1962 0
0.37109375 -8.56373603198809e-09 -3.61625604634549e-08 -0.1962 0
0.373046875 -8.63356484871136e-09 -3.53388030335737e-08 -0.1962 0
0.375 -8.70177823133799e-09 -3.4508433328421e-08 -0.1962 0
0.376953125 -8.7683634164005e-09 -3.36716067192202e-08 -0.1962 0
0.37890625 -8.83330794508494e-09 -3.28284797853522e-08 -0.1962 0
0.380859375 -8.89659966556203e-09 -3.1979210285057e-08 -0.1962 0
0.3828125 -8.95822673526095e-09 -3.11239571259161e-08 -0.1962 0
0.384765625 -9.01817762308514e-09 -3.02628803351183e-08 -0.1962 0
0.38671875 -9.07644111157e-09 -2.93961410295179e-08 -0.1962 0
0.388671875 -9.1330062989817e-09 -2.85239013854871e-08 -0.1962 0
0.390625 -9.18786260135706e-09 -2.76463246085714e-08 -0.1962 0
0.392578125 -9.24099975448393e-09 -2.67635749029523e-08 -0.1962 0
0.39453125 -9.29240781582172e-09 -2.58758174407223e-08 -0.1962 0
0.396484375 -9.34207716636175e-09 -2.498321833098e-08 -0.1962 0
0.3984375 -9.38999851242711e-09 -2.4085944588749e-08 -0.1962 0
0.400390625 -9.43616288741155e-09 -2.31841641037274e-08 -0.1962 0
0.40234375 -9.48056165345729e-09 -2.22780456088743e-08 -0.1962 0
0.404296875 -9.52318650307122e-09 -2.13677586488375e-08 -0.1962 0
0.40625 -9.56402946067932e-09 -2.04534735482301e-08 -0.1962 0
0.408203125 -9.60308288411899e-09 -1.9535361379761e-08 -0.1962 0
0.41015625 -9.64033946606901e-09 -1.86135939322251e-08 -0.1962 0
0.412109375 -9.67579223541675e-09 -1.768834367836e-08 -0.1962 0
0.4140625 -9.7094345585626e-09 -1.67597837425742e-08 -0.1962 0
0.416015625 -9.74126014066118e-09 -1.58280878685537e-08 -0.1962 0
0.41796875 -9.77126302679914e-09 -1.4893430386753e-08 -0.1962 0
0.419921875 -9.79943760310943e-09 -1.39559861817755e-08 -0.1962 0
0.421875 -9.8257785978217e-09 -1.30159306596508e-08 -0.1962 0
0.423828125 -9.85028108224869e-09 -1.20734397150146e-08 -0.1962 0
0.42578125 -9.87294047170848e-09 -1.11286896981966e-08 -0.1962 0
0.427734375 -9.89375252638228e-09 -1.01818573822236e-08 -0.1962 0
0.4296875 -9.91271335210779e-09 -9.23311992974323e-09 -0.1962 0
0.431640625 -9.92981940110783e-09 -8.28265485987484e-09 -0.1962 0
0.43359375 -9.94506747265417e-09 -7.33064001499396e-09 -0.1962 0
0.435546875 -9.9584547136664e-09 -6.37725352745585e-09 -0.1962 0
0.4375 -9.9699786192458e-09 -5.42267378626508e-09 -0.1962 0
0.439453125 -9.979637033144e-09 -4.467079403697e-09 -0.1962 0
0.44140625 -9.98742814816649e-09 -3.51064918187739e-09 -0.1962 0
0.443359375 -9.99335050651071e-09 -2.55356207932669e-09 -0.1962 0
0.4453125 -9.99740300003886e-09 -1.59599717747488e-09 -0.1962 0
0.447265625 -9.99958487048522e-09 -6.38133647153388e-10 -0.1962 0
0.44921875 -9.99989570959805e-09 3.19849284929702e-10 -0.1962 0
0.451171875 -9.99833545921596e-09 1.27777236972494e-09 -0.1962 0
0.453125 -9.99490441127881e-09 2.23545636938097e-09 -0.1962 0
0.455078125 -9.98960320777307e-09 3.19272209078184e-09 -0.1962 0
0.45703125 -9.9824328406117e-09 4.14939041907605e-09 -0.1962 0
0.458984375 -9.97339465144855e-09 5.10528235119085e-09 -0.1962 0
0.4609375 -9.96249033142736e-09 6.06021902932568e-09 -0.1962 0
0.462890625 -9.94972192086525e-09 7.01402177441841e-09 -0.1962 0
0.46484375 -9.93509180887104e-09 7.96651211957814e-09 -0.1962 0
0.466796875 -9.91860273289815e-09 8.91751184347831e-09 -0.1962 0
0.46875 -9.90025777823245e-09 9.86684300370386e-09 -0.1962 0
0.470703125 -9.88006037741493e-09 1.08143279700461e-08 -0.1962 0
0.47265625 -9.85801430959946e-09 1.17597894577396e-08 -0.1962 0
0.474609375 -9.83412369984564e-09 1.27030505606334e-08 -0.1962 0
0.4765625 -9.80839301834698e-09 1.36439347842929e-08 -0.1962 0
0.478515625 -9.78082707959449e-09 1.45822660790234e-08 -0.1962 0
0.48046875 -9.7514310414758e-09 1.5517868872811e-08 -0.1962 0
0.482421875 -9.72021040431007e-09 1.64505681041741e-08 -0.1962 0
0.484375 -9.68717100981887e-09 1.73801892549192e-08 -0.1962 0
0.486328125 -9.65231904003305e-09 1.83065583827954e-08 -0.1962 0
0.48828125 -9.61566101613607e-09 1.92295021540406e-08 -0.1962 0
0.490234375 -9.57720379724383e-09 2.01488478758144e-08 -0.1962 0
0.4921875 -9.53695457912118e-09 2.10644235285104e-08 -0.1962 0
0.494140625 -9.49492089283558e-09 2.19760577979434e-08 -0.1962 0
0.49609375 -9.45111060334796e-09 2.28835801074042e-08 -0.1962 0
0.498046875 -9.40553190804104e-09 2.37868206495757e-08 -0.1962 0
0.5 -9.35819333518555e-09 2.46856104183064e-08 -0.1962 0
0.501953125 -9.30910374234453e-09 2.5579781240233e-08 -0.1962 0
0.50390625 -9.25827231471589e-09 2.64691658062475e-08 -0.1962 0
0.505859375 -9.20570856341387e-09 2.73535977028024e-08 -0.1962 0
0.5078125 -9.15142232368932e-09 2.82329114430489e-08 -0.1962 0
0.509765625 -9.09542375308946e-09 2.91069424978009e-08 -0.1962 0
0.51171875 -9.03772332955729e-09 2.99755273263203e-08 -0.1962 0
0.513671875 -8.97833184947102e-09 3.08385034069173e-08 -0.1962 0
0.515625 -8.91726042562402e-09 3.169570926736e-08 -0.1962 0
0.517578125 -8.8545204851454e-09 3.25469845150878e-08 -0.1962 0
0.51953125 -8.79012376736196e-09 3.33921698672221e-08 -0.1962 0
0.521484375 -8.72408232160156e-09 3.42311071803702e-08 -0.1962 0
0.5234375 -8.65640850493863e-09 3.50636394802157e-08 -0.1962 0
0.525390625 -8.58711497988197e-09 3.588961099089e-08 -0.1962 0
0.52734375 -8.51621471200547e-09 3.67088671641195e-08 -0.1962 0
0.529296875 -8.44372096752213e-09 3.75212547081438e-08 -0.1962 0
0.53125 -8.36964731080178e-09 3.83266216163975e-08 -0.1962 0
0.533203125 -8.29400760183307e-09 3.91248171959529e-08 -0.1962 0
0.53515625 -8.21681599363009e-09 3.9915692095716e-08 -0.1962 0
0.537109375 -8.13808692958418e-09 4.0699098334372e-08 -0.1962 0
0.5390625 -8.05783514076145e-09 4.14748893280736e-08 -0.1962 0
0.541015625 -7.9760756431464e-09 4.22429199178692e-08 -0.1962 0
0.54296875 -7.89282373483227e-09 4.30030463968632e-08 -0.1962 0
0.544921875 -7.80809499315865e-09 4.37551265371053e-08 -0.1962 0
0.546875 -7.72190527179671e-09 4.4499019616203e-08 -0.1962 0
0.548828125 -7.63427069778286e-09 4.52345864436521e-08 -0.1962 0
0.55078125 -7.54520766850119e-09 4.59616893868809e-08 -0.1962 0
0.552734375 -7.45473284861535e-09 4.66801923970025e-08 -0.1962 0
0.5546875 -7.3628631669504e-09 4.73899610342716e-08 -0.1962 0
0.556640625 -7.26961581332523e-09 4.80908624932389e-08 -0.1962 0
0.55859375 -7.17500823533618e-09 4.8782765627601e-08 -0.1962 0
0.560546875 -7.07905813509241e-09 4.94655409747392e-08 -0.1962 0
0.5625 -6.98178346590361e-09 5.01390607799432e-08 -0.1962 0
0.564453125 -6.88320242892076e-09 5.08031990203154e-08 -0.1962 0
0.56640625 -6.7833334697305e-09 5.14578314283514e-08 -0.1962 0
0.568359375 -6.68219527490376e-09 5.21028355151915e-08 -0.1962 0
0.5703125 -6.57980676849929e-09 5.27380905935401e-08 -0.1962 0
0.572265625 -6.47618710852275e-09 5.3363477800247e-08 -0.1962 0
0.57421875 -6.37135568334207e-09 5.39788801185488e-08 -0.1962 0
0.576171875 -6.26533210805967e-09 5.45841823999631e-08 -0.1962 0
0.578125 -6.15813622084222e-09 5.51792713858348e-08 -0.1962 0
0.580078125 -6.04978807920875e-09 5.57640357285276e-08 -0.1962 0
0.58203125 -5.94030795627765e-09 5.63383660122587e-08 -0.1962 0
0.583984375 -5.82971633697336e-09 5.69021547735712e-08 -0.1962 0
0.5859375 -5.71803391419339e-09 5.7455296521442e-08 -0.1962 0
0.587890625 -5.60528158493648e-09 5.79976877570204e-08 -0.1962 0
0.58984375 -5.49148044639253e-09 5.85292269929938e-08 -0.1962 0
0.591796875 -5.3766517919951e-09 5.90498147725767e-08 -0.1962 0
0.59375 -5.26081710743715e-09 5.95593536881208e-08 -0.1962 0
0.595703125 -5.14399806665088e-09 6.00577483993405e-08 -0.1962 0
0.59765625 -5.02621652775223e-09 6.05449056511525e-08 -0.1962 0
0.599609375 -4.90749452895106e-09 6.10207342911245e-08 -0.1962 0
0.6015625 -4.78785428442752e-09 6.1485145286531e-08 -0.1962 0
0.603515625 -4.66731818017555e-09 6.19380517410122e-08 -0.1962 0
0.60546875 -4.5459087698142e-09 6.23793689108335e-08 -0.1962 0
0.607421875 -4.42364877036761e-09 6.28090142207416e-08 -0.1962 0
0.609375 -4.30056105801442e-09 6.32269072794156e-08 -0.1962 0
0.611328125 -4.17666866380739e-09 6.36329698945087e-08 -0.1962 0
0.61328125 -4.051994769364e-09 6.40271260872792e-08 -0.1962 0
0.615234375 -3.92656270252896e-09 6.44093021068069e-08 -0.1962 0
0.6171875 -3.80039593300928e-09 6.47794264437924e-08 -0.1962 0
0.619140625 -3.67351806798289e-09 6.51374298439376e-08 -0.1962 0
0.62109375 -3.5459528476814e-09 6.54832453209038e-08 -0.1962 0
0.623046875 -3.41772414094811e-09 6.58168081688454e-08 -0.1962 0
0.625 -3.28885594077185e-09 6.61380559745177e-08 -0.1962 0
0.626953125 -3.15937235979765e-09 6.64469286289541e-08 -0.1962 0
0.62890625 -3.029297625815e-09 6.67433683387142e-08 -0.1962 0
0.630859375 -2.89865607722455e-09 6.70273196366967e-08 -0.1962 0
0.6328125 -2.76747215848415e-09 6.72987293925185e-08 -0.1962 0
0.634765625 -2.63577041553502e-09 6.75575468224556e-08 -0.1962 0
0.63671875 -2.50357549120893e-09 6.78037234989456e-08 -0.1962 0
0.638671875 -2.37091212061727e-09 6.80372133596488e-08 -0.1962 0
0.640625 -2.23780512652281e-09 6.8257972716067e-08 -0.1962 0
0.642578125 -2.10427941469513e-09 6.84659602617181e-08 -0.1962 0
0.64453125 -1.97035996925047e-09 6.86611370798651e-08 -0.1962 0
0.646484375 -1.83607184797691e-09 6.88434666507978e-08 -0.1962 0
0.6484375 -1.70144017764579e-09 6.90129148586657e-08 -0.1962 0
0.650390625 -1.56649014931024e-09 6.91694499978622e-08 -0.1962 0
0.65234375 -1.43124701359164e-09 6.93130427789563e-08 -0.1962 0
0.654296875 -1.29573607595495e-09 6.94436663341733e-08 -0.1962 0
0.65625 -1.15998269197378e-09 6.95612962224223e-08 -0.1962 0
0.658203125 -1.02401226258611e-09 6.96659104338687e-08 -0.1962 0
0.66015625 -8.87850229341478e-10 6.97574893940533e-08 -0.1962 0
0.662109375 -7.51522069640589e-10 6.98360159675544e-08 -0.1962 0
0.6640625 -6.15053291968219e-10 6.99014754611939e-08 -0.1962 0
0.666015625 -4.784694311203e-10 6.99538556267872e-08 -0.1962 0
0.66796875 -3.41796043426081e-10 6.99931466634342e-08 -0.1962 0
0.669921875 -2.0505870196626e-10 7.00193412193536e-08 -0.1962 0
0.671875 -6.82829917879812e-11 7.00324343932585e-08 -0.1962 0
0.673828125 6.85054948824059e-11 7.00324237352734e-08 -0.1962 0
0.67578125 2.0528116342793e-10 7.00193092473924e-08 -0.1962 0
0.677734375 3.42018421630032e-10 6.99930933834792e-08 -0.1962 0
0.6796875 4.78691684457146e-10 6.99537810488078e-08 -0.1962 0
0.681640625 6.15275378851938e-10 6.99013795991444e-08 -0.1962 0
0.68359375 7.51743948516304e-10 6.98358988393715e-08 -0.1962 0
0.685546875 8.88071858693233e-10 6.97573510216531e-08 -0.1962 0
0.6875 1.02423360094464e-09 6.96657508431421e-08 -0.1962 0
0.689453125 1.16020369792426e-09 6.95611154432305e-08 -0.1962 0
0.69140625 1.29595670814476e-09 6.94434644003421e-08 -0.1962 0
0.693359375 1.43146723073809e-09 6.93128197282697e-08 -0.1962 0
0.6953125 1.56670991020831e-09 6.91692058720554e-08 -0.1962 0
0.697265625 1.70165944117581e-09 6.90126497034173e-08 -0.1962 0
0.69921875 1.83629057311228e-09 6.88431805157212e-08 -0.1962 0
0.701171875 1.97057811506534e-09 6.86608300184994e-08 -0.1962 0
0.703125 2.10449694037205e-09 6.84656323315178e-08 -0.1962 0
0.705078125 2.23802199136034e-09 6.82576239783913e-08 -0.1962 0
0.70703125 2.37112828403764e-09 6.80368438797504e-08 -0.1962 0
0.708984375 2.50379091276561e-09 6.78033333459582e-08 -0.1962 0
0.7109375 2.63598505492029e-09 6.75571360693811e-08 -0.1962 0
0.712890625 2.76768597553663e-09 6.72982981162132e-08 -0.1962 0
0.71484375 2.89886903193674e-09 6.70268679178572e-08 -0.1962 0
0.716796875 3.02950967834076e-09 6.6742896261862e-08 -0.1962 0
0.71875 3.15958347045964e-09 6.64464362824199e-08 -0.1962 0
0.720703125 3.28906607006896e-09 6.61375434504249e-08 -0.1962 0
0.72265625 3.41793324956286e-09 6.58162755630929e-08 -0.1962 0
0.724609375 3.5461608964873e-09 6.54826927331478e-08 -0.1962 0
0.7265625 3.67372501805172e-09 6.51368573775735e-08 -0.1962 0
0.728515625 3.80060174561844e-09 6.47788342059348e-08 -0.1962 0
0.73046875 3.92676733916866e-09 6.44086902082699e-08 -0.1962 0
0.732421875 4.0521981917445e-09 6.40264946425558e-08 -0.1962 0
0.734375 4.17687083386614e-09 6.36323190217489e-08 -0.1962 0
0.736328125 4.3007619379232e-09 6.32262371004049e-08 -0.1962 0
0.73828125 4.4238483225396e-09 6.28083248608778e-08 -0.1962 0
0.740234375 4.54610695691101e-09 6.23786604991034e-08 -0.1962 0
0.7421875 4.66751496511422e-09 6.19373244099673e-08 -0.1962 0
0.744140625 4.78804963038744e-09 6.14843991722629e-08 -0.1962 0
0.74609375 4.90768839938087e-09 6.10199695332393e-08 -0.1962 0
0.748046875 5.02640888637666e-09 6.05441223927448e-08 -0.1962 0
0.75 5.14418887747753e-09 6.00569467869664e-08 -0.1962 0
0.751953125 5.26100633476324e-09 5.95585338717707e-08 -0.1962 0
0.75390625 5.37683940041413e-09 5.90489769056472e-08 -0.1962 0
0.755859375 5.49166640080093e-09 5.85283712322589e-08 -0.1962 0
0.7578125 5.60546585054014e-09 5.79968142626024e-08 -0.1962 0
0.759765625 5.71821645651422e-09 5.74544054567811e-08 -0.1962 0
0.76171875 5.8298971218557e-09 5.69012463053953e-08 -0.1962 0
0.763671875 5.94048694989467e-09 5.63374403105522e-08 -0.1962 0
0.765625 6.04996524806879e-09 5.57630929664993e-08 -0.1962 0
0.767578125 6.15831153179506e-09 5.51783117398858e-08 -0.1962 0
0.76953125 6.26550552830272e-09 5.45832060496535e-08 -0.1962 0
0.771484375 6.37152718042652e-09 5.39778872465645e-08 -0.1962 0
0.7734375 6.47635665035961e-09 5.33624685923652e-08 -0.1962 0
0.775390625 6.57997432336545e-09 5.27370652385945e-08 -0.1962 0
0.77734375 6.68236081144787e-09 5.21017942050373e-08 -0.1962 0
0.779296875 6.78349695697887e-09 5.1456774357829e-08 -0.1962 0
0.78125 6.88336383628314e-09 5.08021263872142e-08 -0.1962 0
0.783203125 6.98194276317893e-09 5.01379727849646e-08 -0.1962 0
0.78515625 7.07921529247441e-09 4.94644378214589e-08 -0.1962 0
0.787109375 7.175163223419e-09 4.8781647522431e-08 -0.1962 0
0.7890625 7.26976860310891e-09 4.80897296453888e-08 -0.1962 0
0.791015625 7.3630137298463e-09 4.73888136557097e-08 -0.1962 0
0.79296875 7.45488115645152e-09 4.66790307024158e-08 -0.1962 0
0.794921875 7.54535369352761e-09 4.59605135936351e-08 -0.1962 0
0.796875 7.63441441267666e-09 4.5233396771751e-08 -0.1962 0
0.798828125 7.72204664966726e-09 4.44978162882471e-08 -0.1962 0
0.80078125 7.80823400755262e-09 4.37539097782504e-08 -0.1962 0
0.802734375 7.89296035973855e-09 4.30018164347781e-08 -0.1962 0
0.8046875 7.97620985300097e-09 4.22416769826933e-08 -0.1962 0
0.806640625 8.0579669104522e-09 4.14736336523736e-08 -0.1962 0
0.80859375 8.13821623445556e-09 4.06978301530984e-08 -0.1962 0
0.810546875 8.21694280948774e-09 3.99144116461596e-08 -0.1962 0
0.8125 8.29413190494837e-09 3.91235247176995e-08 -0.1962 0
0.814453125 8.36976907791626e-09 3.8325317351284e-08 -0.1962 0
0.81640625 8.44384017585182e-09 3.75199389002124e-08 -0.1962 0
0.818359375 8.51633133924521e-09 3.67075400595722e-08 -0.1962 0
0.8203125 8.58722900420953e-09 3.58882728380425e-08 -0.1962 0
0.822265625 8.65651990501881e-09 3.5062290529451e-08 -0.1962 0
0.82421875 8.7241910765902e-09 3.42297476840917e-08 -0.1962 0
0.826171875 8.7902298569098e-09 3.33908000798064e-08 -0.1962 0
0.828125 8.85462388940194e-09 3.25456046928371e-08 -0.1962 0
0.830078125 8.91736112524119e-09 3.1694319668454e-08 -0.1962 0
0.83203125 8.97842982560684e-09 3.0837104291365e-08 -0.1962 0
0.833984375 9.03781856387934e-09 2.99741189559116e-08 -0.1962 0
0.8359375 9.09551622777837e-09 2.91055251360573e-08 -0.1962 0
0.837890625 9.15151202144206e-09 2.82314853551743e-08 -0.1962 0
0.83984375 9.20579546744702e-09 2.73521631556332e-08 -0.1962 0
0.841796875 9.25835640876875e-09 2.64677230682032e-08 -0.1962 0
0.84375 9.30918501068218e-09 2.55783305812656e-08 -0.1962 0
0.845703125 9.35827176260182e-09 2.468415210985e-08 -0.1962 0
0.84765625 9.40560747986129e-09 2.37853549644957e-08 -0.1962 0
0.849609375 9.45118330543188e-09 2.28821073199462e-08 -0.1962 0
0.8515625 9.49499071157983e-09 2.19745781836822e-08 -0.1962 0
0.853515625 9.53702150146189e-09 2.10629373642977e-08 -0.1962 0
0.85546875 9.57726781065911e-09 2.01473554397278e-08 -0.1962 0
0.857421875 9.61572210864833e-09 1.92280037253313e-08 -0.1962 0
0.859375 9.65237720021119e-09 1.83050542418357e-08 -0.1962 0
0.861328125 9.6872262267805e-09 1.73786796831502e-08 -0.1962 0
0.86328125 9.72026266772349e-09 1.64490533840531e-08 -0.1962 0
0.865234375 9.75148034156195e-09 1.55163492877587e-08 -0.1962 0
0.8671875 9.7808734071288e-09 1.45807419133707e-08 -0.1962 0
0.869140625 9.80843636466106e-09 1.36424063232279e-08 -0.1962 0
0.87109375 9.83416405682891e-09 1.27015180901477e-08 -0.1962 0
0.873046875 9.8580516697007e-09 1.17582532645752e-08 -0.1962 0
0.875 9.88009473364366e-09 1.08127883416415e-08 -0.1962 0
0.876953125 9.90028912416023e-09 9.86530022814028e-09 -0.1962 0
0.87890625 9.91863106265983e-09 8.9159662094259e-09 -0.1962 0
0.880859375 9.9351171171658e-09 7.96496391624187e-09 -0.1962 0
0.8828125 9.94974420295765e-09 7.012471291484e-09 -0.1962 0
0.884765625 9.96250958314816e-09 6.0586665569054e-09 -0.1962 0
0.88671875 9.97341086919556e-09 5.10372817976921e-09 -0.1962 0
0.888671875 9.98244602135039e-09 4.14783483945546e-09 -0.1962 0
0.890625 9.98961334903719e-09 3.1911653940282e-09 -0.1962 0
0.892578125 9.99491151117081e-09 2.23389884676922e-09 -0.1962 0
0.89453125 9.99833951640738e-09 1.27621431268454e-09 -0.1962 0
0.896484375 9.99989672332974e-09 3.18290984990099e-10 -0.1962 0
0.8984375 9.9995828405675e-09 -6.39691898417283e-10 -0.1962 0
0.900390625 9.99739792685154e-09 -1.59755508849727e-09 -0.1962 0
0.90234375 9.99334239100305e-09 -2.55511935860544e-09 -0.1962 0
0.904296875 9.98741699185699e-09 -3.51220553802857e-09 -0.1962 0
0.90625 9.97962283812013e-09 -4.46863454550941e-09 -0.1962 0
0.908203125 9.9699613881636e-09 -5.42422742275474e-09 -0.1962 0
0.91015625 9.95843444975e-09 -6.37880536792042e-09 -0.1962 0
0.912109375 9.94504417969516e-09 -7.33218976906718e-09 -0.1962 0
0.9140625 9.92979308346458e-09 -8.28420223758084e-09 -0.1962 0
0.916015625 9.91268401470461e-09 -9.23466464155076e-09 -0.1962 0
0.91796875 9.89372017470852e-09 -1.01833991391003e-08 -0.1962 0
0.919921875 9.8729051118175e-09 -1.11302282116629e-08 -0.1962 0
0.921875 9.85024272075671e-09 -1.20749746971978e-08 -0.1962 0
0.923828125 9.82573724190657e-09 -1.30174618233391e-08 -0.1962 0
0.92578125 9.79939326050929e-09 -1.39575132404714e-08 -0.1962 0
0.927734375 9.77121570581098e-09 -1.48949530547272e-08 -0.1962 0
0.9296875 9.74120985013927e-09 -1.58296058608985e-08 -0.1962 0
0.931640625 9.70938130791684e-09 -1.67612967752566e-08 -0.1962 0
0.93359375 9.67573603461092e-09 -1.76898514682751e-08 -0.1962 0
0.935546875 9.64028032561889e-09 -1.8615096197249e-08 -0.1962 0
0.9375 9.60302081509042e-09 -1.95368578388035e-08 -0.1962 0
0.939453125 9.56396447468607e-09 -2.04549639212874e-08 -0.1962 0
0.94140625 9.52311861227289e-09 -2.13692426570446e-08 -0.1962 0
0.943359375 9.48049087055699e-09 -2.22795229745571e-08 -0.1962 0
0.9453125 9.43608922565353e-09 -2.31856345504547e-08 -0.1962 0
0.947265625 9.38992198559428e-09 -2.40874078413841e-08 -0.1962 0
0.94921875 9.34199778877312e-09 -2.49846741157324e-08 -0.1962 0
0.951171875 9.2923256023297e-09 -2.58772654851988e-08 -0.1962 0
0.953125 9.24091472047156e-09 -2.6765014936208e-08 -0.1962 0
0.955078125 9.18777476273513e-09 -2.76477563611604e-08 -0.1962 0
0.95703125 9.13291567218578e-09 -2.85253245895128e-08 -0.1962 0
0.958984375 9.07634771355735e-09 -2.93975554186835e-08 -0.1962 0
0.9609375 9.01808147133155e-09 -3.0264285644776e-08 -0.1962 0
0.962890625 8.95812784775744e-09 -3.11253530931172e-08 -0.1962 0
0.96484375 8.89649806081156e-09 -3.19805966486009e-08 -0.1962 0
0.966796875 8.83320364209885e-09 -3.2829856285835e-08 -0.1962 0
0.96875 8.76825643469501e-09 -3.36729730990838e-08 -0.1962 0
0.970703125 8.70166859093055e-09 -3.45097893320007e-08 -0.1962 0
0.97265625 8.63345257011689e-09 -3.53401484071466e-08 -0.1962 0
0.974609375 8.56362113621513e-09 -3.61638949552868e-08 -0.1962 0
0.9765625 8.4921873554478e-09 -3.69808748444626e-08 -0.1962 0
0.978515625 8.41916459385395e-09 -3.7790935208831e-08 -0.1962 0
0.98046875 8.3445665147883e-09 -3.85939244772675e-08 -0.1962 0
0.982421875 8.26840707636462e-09 -3.93896924017265e-08 -0.1962 0
0.984375 8.19070052884406e-09 -4.01780900853549e-08 -0.1962 0
0.986328125 8.11146141196871e-09 -4.09589700103518e-08 -0.1962 0
0.98828125 8.03070455224112e-09 -4.17321860655711e-08 -0.1962 0
0.990234375 7.94844506015007e-09 -4.24975935738599e-08 -0.1962 0
0.9921875 7.86469832734323e-09 -4.325504931913e-08 -0.1962 0
0.994140625 7.77948002374722e-09 -4.40044115731544e-08 -0.1962 0
0.99609375 7.69280609463559e-09 -4.47455401220867e-08 -0.1962 0
0.998046875 7.60469275764531e-09 -4.54782962926964e-08 -0.1962 0
1 7.51515649974225e-09 -4.62025429783164e-08 -0.1962 0
1.001953125 7.42421407413626e-09 -4.69181446644968e-08 -0.1962 0
1.00390625 7.33188249714655e-09 -4.76249674543615e-08 -0.1962 0
1.005859375 7.23817904501766e-09 -4.83228790936615e-08 -0.1962 0
1.0078125 7.14312125068694e-09 -4.90117489955211e-08 -0.1962 0
1.009765625 7.04672690050391e-09 -4.96914482648726e-08 -0.1962 0
1.01171875 6.94901403090228e-09 -5.03618497225733e-08 -0.1962 0
1.013671875 6.85000092502511e-09 -5.10228279292024e-08 -0.1962 0
1.015625 6.74970610930383e-09 -5.16742592085323e-08 -0.1962 0
1.017578125 6.64814834999178e-09 -5.23160216706695e-08 -0.1962 0
1.01953125 6.54534664965278e-09 -5.29479952348614e-08 -0.1962 0
1.021484375 6.4413202436056e-09 -5.35700616519653e-08 -0.1962 0
1.0234375 6.33608859632479e-09 -5.41821045265733e-08 -0.1962 0
1.025390625 6.22967139779867e-09 -5.47840093387918e-08 -0.1962 0
1.02734375 6.12208855984514e-09 -5.53756634656692e-08 -0.1962 0
1.029296875 6.0133602123859e-09 -5.59569562022687e-08 -0.1962 0
1.03125 5.90350669968002e-09 -5.65277787823828e-08 -0.1962 0
1.033203125 5.79254857651722e-09 -5.70880243988842e-08 -0.1962 0
1.03515625 5.68050660437188e-09 -5.7637588223711e-08 -0.1962 0
1.037109375 5.56740174751835e-09 -5.81763674274807e-08 -0.1962 0
1.0390625 5.45325516910828e-09 -5.87042611987313e-08 -0.1962 0
1.041015625 5.33808822721081e-09 -5.92211707627835e-08 -0.1962 0
1.04296875 5.22192247081616e-09 -5.97269994002231e-08 -0.1962 0
1.044921875 5.10477963580368e-09 -6.02216524649982e-08 -0.1962 0
1.046875 4.98668164087476e-09 -6.07050374021282e-08 -0.1962 0
1.048828125 4.86765058345162e-09 -6.1177063765022e-08 -0.1962 0
1.05078125 4.74770873554265e-09 -6.16376432324015e-08 -0.1962 0
1.052734375 4.62687853957505e-09 -6.20866896248278e-08 -0.1962 0
1.0546875 4.50518260419566e-09 -6.25241189208258e-08 -0.1962 0
1.056640625 4.38264370004058e-09 -6.29498492726059e-08 -0.1962 0
1.05859375 4.25928475547455e-09 -6.33638010213784e-08 -0.1962 0
1.060546875 4.13512885230082e-09 -6.37658967122586e-08 -0.1962 0
1.0625 4.01019922144228e-09 -6.41560611087597e-08 -0.1962 0
1.064453125 3.88451923859472e-09 -6.45342212068699e-08 -0.1962 0
1.06640625 3.75811241985295e-09 -6.49003062487125e-08 -0.1962 0
1.068359375 3.63100241731069e-09 -6.52542477357856e-08 -0.1962 0
1.0703125 3.50321301463504e-09 -6.55959794417787e-08 -0.1962 0
1.072265625 3.37476812261624e-09 -6.59254374249644e-08 -0.1962 0
1.07421875 3.24569177469377e-09 -6.62425600401627e-08 -0.1962 0
1.076171875 3.11600812245936e-09 -6.65472879502754e-08 -0.1962 0
1.078125 2.98574143113801e-09 -6.68395641373886e-08 -0.1962 0
1.080078125 2.85491607504768e-09 -6.71193339134418e-08 -0.1962 0
1.08203125 2.72355653303862e-09 -6.738654493046e-08 -0.1962 0
1.083984375 2.59168738391307e-09 -6.76411471903491e-08 -0.1962 0
1.0859375 2.45933330182632e-09 -6.7883093054251e-08 -0.1962 0
1.087890625 2.32651905166991e-09 -6.8112337251457e-08 -0.1962 0
1.08984375 2.19326948443782e-09 -6.8328836887879e-08 -0.1962 0
1.091796875 2.05960953257663e-09 -6.85325514540748e-08 -0.1962 0
1.09375 1.92556420532034e-09 -6.87234428328286e-08 -0.1962 0
1.095703125 1.79115858401089e-09 -6.89014753062824e-08 -0.1962 0
1.09765625 1.65641781740517e-09 -6.90666155626197e-08 -0.1962 0
1.099609375 1.52136711696941e-09 -6.92188327022985e-08 -0.1962 0
1.1015625 1.38603175216182e-09 -6.93580982438326e-08 -0.1962 0
1.103515625 1.25043704570444e-09 -6.9484386129121e-08 -0.1962 0
1.10546875 1.11460836884494e-09 -6.95976727283238e-08 -0.1962 0
1.107421875 9.78571136609424e-10 -6.96979368442833e-08 -0.1962 0
1.109375 8.4235080304696e-10 -6.97851597164905e-08 -0.1962 0
1.111328125 7.05972856466883e-10 -6.98593250245951e-08 -0.1962 0
1.11328125 5.69462814669636e-10 -6.99204188914596e-08 -0.1962 0
1.115234375 4.32846220172119e-10 -6.99684298857555e-08 -0.1962 0
1.1171875 2.96148635428403e-10 -7.00033490241024e-08 -0.1962 0
1.119140625 1.59395638046719e-10 -7.00251697727488e-08 -0.1962 0
1.12109375 2.26128160036031e-11 -7.00338880487949e-08 -0.1962 0
1.123046875 -1.14174237143886e-10 -7.00295022209561e-08 -0.1962 0
1.125 -2.50939927047007e-10 -7.00120131098686e-08 -0.1962 0
1.126953125 -3.87658663354311e-10 -6.99814239879358e-08 -0.1962 0
1.12890625 -5.24304864499881e-10 -6.99377405787158e-08 -0.1962 0
1.130859375 -6.60852962489919e-10 -6.98809710558508e-08 -0.1962 0
1.1328125 -7.97277407686798e-10 -6.98111260415371e-08 -0.1962 0
1.134765625 -9.33552673589674e-10 -6.97282186045385e-08 -0.1962 0
1.13671875 -1.06965326161078e-09 -6.96322642577401e-08 -0.1962 0
1.138671875 -1.20555370584647e-09 -6.95232809552461e-08 -0.1962 0
1.140625 -1.34122857784221e-09 -6.94012890890206e-08 -0.1962 0
1.142578125 -1.47665249135046e-09 -6.92663114850715e-08 -0.1962 0
1.14453125 -1.61180010708077e-09 -6.91183733991798e-08 -0.1962 0
1.146484375 -1.746646137441e-09 -6.89575025121742e-08 -0.1962 0
1.1484375 -1.88116535126895e-09 -6.87837289247511e-08 -0.1962 0
1.150390625 -2.01533257855331e-09 -6.85970851518431e-08 -0.1962 0
1.15234375 -2.14912271514333e-09 -6.83976061165347e-08 -0.1962 0
1.154296875 -2.28251072744603e-09 -6.81853291435279e-08 -0.1962 0
1.15625 -2.41547165711024e-09 -6.79602939521583e-08 -0.1962 0
1.158203125 -2.54798062569664e-09 -6.77225426489633e-08 -0.1962 0
1.16015625 -2.68001283933275e-09 -6.74721197198034e-08 -0.1962 0
1.162109375 -2.81154359335213e-09 -6.72090720215386e-08 -0.1962 0
1.1640625 -2.94254827691689e-09 -6.69334487732605e-08 -0.1962 0
1.166015625 -3.07300237762268e-09 -6.66453015470836e-08 -0.1962 0
1.16796875 -3.20288148608518e-09 -6.63446842584949e-08 -0.1962 0
1.169921875 -3.33216130050742e-09 -6.6031653156266e-08 -0.1962 0
1.171875 -3.46081763122685e-09 -6.57062668119285e-08 -0.1962 0
1.173828125 -3.58882640524152e-09 -6.53685861088145e-08 -0.1962 0
1.17578125 -3.7161636707144e-09 -6.50186742306645e-08 -0.1962 0
1.177734375 -3.84280560145505e-09 -6.46565966498052e-08 -0.1962 0
1.1796875 -3.96872850137771e-09 -6.4282421114899e-08 -0.1962 0
1.181640625 -4.09390880893512e-09 -6.38962176382673e-08 -0.1962 0
1.18359375 -4.21832310152719e-09 -6.34980584827906e-08 -0.1962 0
1.185546875 -4.34194809988352e-09 -6.3088018148387e-08 -0.1962 0
1.1875 -4.46476067241932e-09 -6.26661733580731e-08 -0.1962 0
1.189453125 -4.5867378395635e-09 -6.22326030436075e-08 -0.1962 0
1.19140625 -4.70785677805842e-09 -6.17873883307224e-08 -0.1962 0
1.193359375 -4.82809482523038e-09 -6.13306125239438e-08 -0.1962 0
1.1953125 -4.94742948323007e-09 -6.08623610910044e-08 -0.1962 0
1.197265625 -5.06583842324212e-09 -6.03827216468516e-08 -0.1962 0
1.19921875 -5.18329948966308e-09 -5.98917839372539e-08 -0.1962 0
1.201171875 -5.29979070424702e-09 -5.93896398220085e-08 -0.1962 0
1.203125 -5.41529027021781e-09 -5.88763832577532e-08 -0.1962 0
1.205078125 -5.52977657634761e-09 -5.83521102803859e-08 -0.1962 0
1.20703125 -5.64322820100056e-09 -5.7816918987096e-08 -0.1962 0
1.208984375 -5.75562391614096e-09 -5.72709095180083e-08 -0.1962 0
1.2109375 -5.86694269130528e-09 -5.67141840374465e-08 -0.1962 0
1.212890625 -5.97716369753723e-09 -5.61468467148169e-08 -0.1962 0
1.21484375 -6.08626631128504e-09 -5.5569003705117e-08 -0.1962 0
1.216796875 -6.19423011826035e-09 -5.49807631290728e-08 -0.1962 0
1.21875 -6.30103491725798e-09 -5.43822350529086e-08 -0.1962 0
1.220703125 -6.40666072393577e-09 -5.37735314677518e-08 -0.1962 0
1.22265625 -6.51108777455388e-09 -5.31547662686786e-08 -0.1962 0
1.224609375 -6.6142965296728e-09 -5.25260552334029e-08 -0.1962 0
1.2265625 -6.71626767780936e-09 -5.18875160006129e-08 -0.1962 0
1.228515625 -6.81698213905019e-09 -5.12392680479596e-08 -0.1962 0
1.23046875 -6.91642106862171e-09 -5.05814326697015e-08 -0.1962 0
1.232421875 -7.01456586041621e-09 -4.99141329540088e-08 -0.1962 0
1.234375 -7.1113981504733e-09 -4.92374937599325e-08 -0.1962 0
1.236328125 -7.20689982041595e-09 -4.85516416940418e-08 -0.1962 0
1.23828125 -7.30105300084065e-09 -4.78567050867345e-08 -0.1962 0
1.240234375 -7.39384007466101e-09 -4.71528139682254e-08 -0.1962 0
1.2421875 -7.48524368040403e-09 -4.64401000442157e-08 -0.1962 0
1.244140625 -7.57524671545872e-09 -4.57186966712498e-08 -0.1962 0
1.24609375 -7.6638323392761e-09 -4.49887388317627e-08 -0.1962 0
1.248046875 -7.7509839765203e-09 -4.42503631088235e-08 -0.1962 0
1.25 -7.83668532016995e-09 -4.35037076605787e-08 -0.1962 0
1.251953125 -7.92092033456943e-09 -4.2748912194402e-08 -0.1962 0
1.25390625 -8.00367325842933e-09 -4.19861179407529e-08 -0.1962 0
1.255859375 -8.0849286077755e-09 -4.12154676267516e-08 -0.1962 0
1.2578125 -8.16467117884633e-09 -4.04371054494725e-08 -0.1962 0
1.259765625 -8.2428860509375e-09 -3.96511770489638e-08 -0.1962 0
1.26171875 -8.31955858919384e-09 -3.88578294809966e-08 -0.1962 0
1.263671875 -8.39467444734764e-09 -3.8057211189549e-08 -0.1962 0
1.265625 -8.46821957040302e-09 -3.72494719790308e-08 -0.1962 0
1.267578125 -8.54018019726573e-09 -3.64347629862533e-08 -0.1962 0
1.26953125 -8.61054286331807e-09 -3.56132366521501e-08 -0.1962 0
1.271484375 -8.67929440293819e-09 -3.47850466932537e-08 -0.1962 0
1.2734375 -8.74642195196359e-09 -3.39503480729335e-08 -0.1962 0
1.275390625 -8.81191295009809e-09 -3.31092969724002e-08 -0.1962 0
1.27734375 -8.87575514326203e-09 -3.22620507614829e-08 -0.1962 0
1.279296875 -8.93793658588513e-09 -3.14087679691834e-08 -0.1962 0
1.28125 -8.99844564314165e-09 -3.05496082540137e-08 -0.1962 0
1.283203125 -9.05727099312737e-09 -2.96847323741221e-08 -0.1962 0
1.28515625 -9.11440162897806e-09 -2.88143021572136e-08 -0.1962 0
1.287109375 -9.16982686092899e-09 -2.79384804702703e-08 -0.1962 0
1.2890625 -9.22353631831506e-09 -2.70574311890771e-08 -0.1962 0
1.291015625 -9.27551995151132e-09 -2.61713191675585e-08 -0.1962 0
1.29296875 -9.32576803381333e-09 -2.52803102069333e-08 -0.1962 0
1.294921875 -9.37427116325715e-09 -2.43845710246909e-08 -0.1962 0
1.296875 -9.42102026437853e-09 -2.34842692233964e-08 -0.1962 0
1.298828125 -9.46600658991104e-09 -2.25795732593311e-08 -0.1962 0
1.30078125 -9.50922172242279e-09 -2.16706524109717e-08 -0.1962 0
1.302734375 -9.5506575758914e-09 -2.07576767473171e-08 -0.1962 0
1.3046875 -9.590306397217e-09 -1.98408170960662e-08 -0.1962 0
1.306640625 -9.62816076767291e-09 -1.89202450116542e-08 -0.1962 0
1.30859375 -9.66421360429377e-09 -1.79961327431533e-08 -0.1962 0
1.310546875 -9.69845816120085e-09 -1.70686532020424e-08 -0.1962 0
1.3125 -9.73088803086425e-09 -1.61379799298541e-08 -0.1962 0
1.314453125 -9.76149714530185e-09 -1.52042870657028e-08 -0.1962 0
1.31640625 -9.79027977721466e-09 -1.42677493137014e-08 -0.1962 0
1.318359375 -9.81723054105849e-09 -1.33285419102724e-08 -0.1962 0
1.3203125 -9.84234439405166e-09 -1.23868405913592e-08 -0.1962 0
1.322265625 -9.86561663711849e-09 -1.14428215595438e-08 -0.1962 0
1.32421875 -9.88704291576862e-09 -1.04966614510779e-08 -0.1962 0
1.326171875 -9.90661922091176e-09 -9.54853730283165e-09 -0.1962 0
1.328125 -9.92434188960781e-09 -8.59862651916858e-09 -0.1962 0
1.330078125 -9.94020760575226e-09 -7.64710683875118e-09 -0.1962 0
1.33203125 -9.95421340069668e-09 -6.69415630128407e-09 -0.1962 0
1.333984375 -9.96635665380416e-09 -5.73995321420081e-09 -0.1962 0
1.3359375 -9.97663509293965e-09 -4.78467611930063e-09 -0.1962 0
1.337890625 -9.98504679489517e-09 -3.82850375934135e-09 -0.1962 0
1.33984375 -9.99159018574958e-09 -2.87161504459465e-09 -0.1962 0
1.341796875 -9.99626404116312e-09 -1.91418901936997e-09 -0.1962 0
1.34375 -9.9990674866065e-09 -9.56404828513428e-10 -0.1962 0
1.345703125 -9.9999999975245e-09 1.55831611218237e-12 -0.1962 0
1.34765625 -9.99906139943418e-09 9.59521169159861e-10 -0.1962 0
1.349609375 -9.99625186795747e-09 1.91730448533717e-09 -0.1962 0
1.3515625 -9.99157192878833e-09 2.87472905294496e-09 -0.1962 0
1.353515625 -9.9850224575944e-09 3.83161572740988e-09 -0.1962 0
1.35546875 -9.97660467985314e-09 4.78778546480421e-09 -0.1962 0
1.357421875 -9.96632017062251e-09 5.74305935534702e-09 -0.1962 0
1.359375 -9.95417085424631e-09 6.69725865688004e-09 -0.1962 0
1.361328125 -9.94015900399407e-09 7.65020482831236e-09 -0.1962 0
1.36328125 -9.92428724163572e-09 8.60171956302734e-09 -0.1962 0
1.365234375 -9.906558536951e-09 9.55162482224577e-09 -0.1962 0
1.3671875 -9.88697620717382e-09 1.04997428683389e-08 -0.1962 0
1.369140625 -9.86554391637155e-09 1.14458962980849e-08 -0.1962 0
1.37109375 -9.84226567475943e-09 1.23899080758632e-08 -0.1962 0
1.373046875 -9.81714583795021e-09 1.33316015667796e-08 -0.1962 0
1.375 -9.79018910613919e-09 1.42708005697167e-08 -0.1962 0
1.376953125 -9.76140052322475e-09 1.52073293503029e-08 -0.1962 0
1.37890625 -9.73078547586457e-09 1.61410126737944e-08 -0.1962 0
1.380859375 -9.69834969246775e-09 1.70716758378635e-08 -0.1962 0
1.3828125 -9.66409924212292e-09 1.7999144705287e-08 -0.1962 0
1.384765625 -9.62804053346272e-09 1.89232457365296e-08 -0.1962 0
1.38671875 -9.5901803134646e-09 1.9843806022215e-08 -0.1962 0
1.388671875 -9.55052566618844e-09 2.07606533154786e-08 -0.1962 0
1.390625 -9.50908401145101e-09 2.16736160641976e-08 -0.1962 0
1.392578125 -9.46586310343767e-09 2.25825234430895e-08 -0.1962 0
1.39453125 -9.42087102925144e-09 2.34872053856758e-08 -0.1962 0
1.396484375 -9.37411620739987e-09 2.43874926161033e-08 -0.1962 0
1.3984375 -9.32560738621979e-09 2.52832166808172e-08 -0.1962 0
1.400390625 -9.27535364224043e-09 2.61742099800808e-08 -0.1962 0
1.40234375 -9.2233643784851e-09 2.70603057993353e-08 -0.1962 0
1.404296875 -9.16964932271178e-09 2.79413383403936e-08 -0.1962 0
1.40625 -9.11421852559293e-09 2.88171427524633e-08 -0.1962 0
1.408203125 -9.05708235883496e-09 2.96875551629918e-08 -0.1962 0
1.41015625 -8.9982515132375e-09 3.05524127083289e-08 -0.1962 0
1.412109375 -8.93773699669306e-09 3.14115535642001e-08 -0.1962 0
1.4140625 -8.87555013212734e-09 3.22648169759858e-08 -0.1962 0
1.416015625 -8.81170255538061e-09 3.31120432888006e-08 -0.1962 0
1.41796875 -8.74620621303047e-09 3.39530739773656e-08 -0.1962 0
1.419921875 -8.67907336015653e-09 3.47877516756711e-08 -0.1962 0
1.421875 -8.61031655804738e-09 3.5615920206421e-08 -0.1962 0
1.423828125 -8.5399486718502e-09 3.64374246102554e-08 -0.1962 0
1.42578125 -8.46798286816357e-09 3.72521111747453e-08 -0.1962 0
1.427734375 -8.39443261257385e-09 3.80598274631537e-08 -0.1962 0
1.4296875 -8.31931166713562e-09 3.88604223429581e-08 -0.1962 0
1.431640625 -8.24263408779667e-09 3.96537460141295e-08 -0.1962 0
1.43359375 -8.16441422176793e-09 4.04396500371608e-08 -0.1962 0
1.435546875 -8.08466670483901e-09 4.12179873608426e-08 -0.1962 0
1.4375 -8.00340645863964e-09 4.19886123497768e-08 -0.1962 0
1.439453125 -7.92064868784769e-09 4.27513808116276e-08 -0.1962 0
1.44140625 -7.83640887734422e-09 4.35061500241009e-08 -0.1962 0
1.443359375 -7.75070278931605e-09 4.42527787616494e-08 -0.1962 0
1.4453125 -7.66354646030653e-09 4.49911273218974e-08 -0.1962 0
1.447265625 -7.57495619821489e-09 4.57210575517807e-08 -0.1962 0
1.44921875 -7.48494857924488e-09 4.64424328733963e-08 -0.1962 0
1.451171875 -7.39354044480318e-09 4.7155118309558e-08 -0.1962 0
1.453125 -7.30074889834817e-09 4.78589805090517e-08 -0.1962 0
1.455078125 -7.2065913021897e-09 4.85538877715872e-08 -0.1962 0
1.45703125 -7.11108527424041e-09 4.92397100724407e-08 -0.1962 0
1.458984375 -7.01424868471923e-09 4.99163190867834e-08 -0.1962 0
1.4609375 -6.91609965280766e-09 5.05835882136933e-08 -0.1962 0
1.462890625 -6.81665654325949e-09 5.12413925998428e-08 -0.1962 0
1.46484375 -6.71593796296453e-09 5.18896091628606e-08 -0.1962 0
1.466796875 -6.61396275746707e-09 5.25281166143618e-08 -0.1962 0
1.46875 -6.51075000743968e-09 5.31567954826417e-08 -0.1962 0
1.470703125 -6.406319025113e-09 5.37755281350311e-08 -0.1962 0
1.47265625 -6.30068935066221e-09 5.43841987999059e-08 -0.1962 0
1.474609375 -6.19388074855086e-09 5.49826935883496e-08 -0.1962 0
1.4765625 -6.08591320383272e-09 5.55709005154633e-08 -0.1962 0
1.478515625 -5.97680691841233e-09 5.61487095213189e-08 -0.1962 0
1.48046875 -5.86658230726507e-09 5.67160124915527e-08 -0.1962 0
1.482421875 -5.75525999461721e-09 5.72727032775951e-08 -0.1962 0
1.484375 -5.64286081008696e-09 5.78186777165313e-08 -0.1962 0
1.486328125 -5.52940578478701e-09 5.83538336505924e-08 -0.1962 0
1.48828125 -5.41491614738934e-09 5.88780709462694e-08 -0.1962 0
1.490234375 -5.29941332015314e-09 5.93912915130497e-08 -0.1962 0
1.4921875 -5.18291891491648e-09 5.98933993217705e-08 -0.1962 0
1.494140625 -5.06545472905248e-09 6.03843004225876e-08 -0.1962 0
1.49609375 -4.94704274139075e-09 6.08639029625537e-08 -0.1962 0
1.498046875 -4.827705108105e-09 6.13321172028054e-08 -0.1962 0
1.5 -4.70746415856729e-09 6.17888555353545e-08 -0.1962 0
1.501953125 -4.58634239117002e-09 6.22340324994801e-08 -0.1962 0
1.50390625 -4.4643624691162e-09 6.26675647977194e-08 -0.1962 0
1.505859375 -4.34154721617893e-09 6.30893713114535e-08 -0.1962 0
1.5078125 -4.21791961243083e-09 6.34993731160856e-08 -0.1962 0
1.509765625 -4.09350278994422e-09 6.38974934958087e-08 -0.1962 0
1.51171875 -3.96832002846283e-09 6.428365795796e-08 -0.1962 0
1.513671875 -3.84239475104594e-09 6.46577942469589e-08 -0.1962 0
1.515625 -3.71575051968565e-09 6.50198323578275e-08 -0.1962 0
1.517578125 -3.58841103089818e-09 6.53697045492885e-08 -0.1962 0
1.51953125 -3.46040011128999e-09 6.57073453564412e-08 -0.1962 0
1.521484375 -3.33174171309958e-09 6.60326916030099e-08 -0.1962 0
1.5234375 -3.20245990971573e-09 6.63456824131652e-08 -0.1962 0
1.525390625 -3.07257889117315e-09 6.66462592229148e-08 -0.1962 0
1.52734375 -2.94212295962622e-09 6.6934365791061e-08 -0.1962 0
1.529296875 -2.81111652480182e-09 6.72099482097243e-08 -0.1962 0
1.53125 -2.67958409943199e-09 6.747295491443e-08 -0.1962 0
1.533203125 -2.54755029466733e-09 6.77233366937568e-08 -0.1962 0
1.53515625 -2.415039815472e-09 6.79610466985442e-08 -0.1962 0
1.537109375 -2.28207745600114e-09 6.81860404506592e-08 -0.1962 0
1.5390625 -2.14868809496161e-09 6.83982758513181e-08 -0.1962 0
1.541015625 -2.01489669095693e-09 6.85977131889639e-08 -0.1962 0
1.54296875 -1.88072827781722e-09 6.87843151466967e-08 -0.1962 0
1.544921875 -1.74620795991514e-09 6.89580468092561e-08 -0.1962 0
1.546875 -1.61136090746856e-09 6.91188756695541e-08 -0.1962 0
1.548828125 -1.47621235183095e-09 6.92667716347578e-08 -0.1962 0
1.55078125 -1.34078758077029e-09 6.940170703192e-08 -0.1962 0
1.552734375 -1.20511193373751e-09 6.9523656613157e-08 -0.1962 0
1.5546875 -1.06921079712515e-09 6.96325975603726e-08 -0.1962 0
1.556640625 -9.33109599517305e-10 6.97285094895282e-08 -0.1962 0
1.55859375 -7.96833806931678e-10 6.98113744544562e-08 -0.1962 0
1.560546875 -6.60408918054585e-10 6.98811769502185e-08 -0.1962 0
1.5625 -5.23860459469887e-10 6.99379039160071e-08 -0.1962 0
1.564453125 -3.87213980882683e-10 6.99815447375885e-08 -0.1962 0
1.56640625 -2.50495050338682e-10 7.00120912492891e-08 -0.1962 0
1.568359375 -1.13729249440147e-10 7.00295377355236e-08 -0.1962 0
1.5703125 2.30578314407068e-11 7.00338809318643e-08 -0.1962 0
1.572265625 1.59840597949948e-10 7.00251200256518e-08 -0.1962 -0
1.57421875 2.96593456540909e-10 7.00032566561471e-08 -0.1962 -0
1.576171875 4.33290819263022e-10 6.99682949142251e-08 -0.1962 -0
1.578125 5.69907108549601e-10 6.99202413416087e-08 -0.1962 -0
1.580078125 7.06416762003681e-10 6.98591049296451e-08 -0.1962 -0
1.58203125 8.42794237181027e-10 6.97848971176236e-08 -0.1962 -0
1.583984375 9.79014016369399e-10 6.96976317906347e-08 -0.1962 -0
1.5859375 1.11505061136319e-09 6.95973252769723e-08 -0.1962 -0
1.587890625 1.25087856823257e-09 6.94839963450786e-08 -0.1962 -0
1.58984375 1.38647247208616e-09 6.93576662000321e-08 -0.1962 -0
1.591796875 1.52180695182645e-09 6.921835847958e-08 -0.1962 -0
1.59375 1.65685668489702e-09 6.90660992497155e-08 -0.1962 -0
1.595703125 1.79159640202065e-09 6.89009169998002e-08 -0.1962 -0
1.59765625 1.92600089192749e-09 6.87228426372336e-08 -0.1962 -0
1.599609375 2.06004500607234e-09 6.85319094816702e-08 -0.1962 -0
1.6015625 2.19370366334026e-09 6.83281532587848e-08 -0.1962 -0
1.603515625 2.32695185473947e-09 6.81116120935877e-08 -0.1962 -0
1.60546875 2.45976464808084e-09 6.78823265032915e-08 -0.1962 -0
1.607421875 2.59211719264295e-09 6.76403393897295e-08 -0.1962 -0
1.609375 2.72398472382197e-09 6.73856960313285e-08 -0.1962 -0
1.611328125 2.85534256776533e-09 6.71184440746367e-08 -0.1962 -0
1.61328125 2.98616614598852e-09 6.68386335254086e-08 -0.1962 -0
1.615234375 3.11643097997396e-09 6.6546316739248e-08 -0.1962 -0
1.6171875 3.24611269575121e-09 6.62415484118121e-08 -0.1962 -0
1.619140625 3.3751870284576e-09 6.59243855685773e-08 -0.1962 -0
1.62109375 3.50362982687846e-09 6.55948875541689e-08 -0.1962 -0
1.623046875 3.63141705796607e-09 6.52531160212572e-08 -0.1962 -0
1.625 3.7585248113365e-09 6.48991349190215e-08 -0.1962 -0
1.626953125 3.8849293037435e-09 6.45330104811849e-08 -0.1962 -0
1.62890625 4.01060688352862e-09 6.41548112136208e-08 -0.1962 -0
1.630859375 4.1355340350467e-09 6.37646078815347e-08 -0.1962 -0
1.6328125 4.25968738306587e-09 6.33624734962238e-08 -0.1962 -0
1.634765625 4.38304369714133e-09 6.2948483301415e-08 -0.1962 -0
1.63671875 4.50557989596202e-09 6.25227147591868e-08 -0.1962 -0
1.638671875 4.6272730516694e-09 6.20852475354745e-08 -0.1962 -0
1.640625 4.74810039414747e-09 6.16361634851646e-08 -0.1962 -0
1.642578125 4.86803931528333e-09 6.11755466367783e-08 -0.1962 -0
1.64453125 4.98706737319739e-09 6.07034831767491e-08 -0.1962 -0
1.646484375 5.1051622964425e-09 6.02200614332961e-08 -0.1962 -0
1.6484375 5.2223019881712e-09 5.97253718598974e-08 -0.1962 -0
1.650390625 5.33846453027023e-09 5.92195070183646e-08 -0.1962 -0
1.65234375 5.45362818746168e-09 5.8702561561524e-08 -0.1962 -0
1.654296875 5.56777141136993e-09 5.81746322155058e-08 -0.1962 -0
1.65625 5.6808728445535e-09 5.76358177616454e-08 -0.1962 -0
1.658203125 5.79291132450136e-09 5.70862190180007e-08 -0.1962 -0
1.66015625 5.90386588759257e-09 5.65259388204878e-08 -0.1962 -0
1.662109375 6.01371577301889e-09 5.59550820036392e-08 -0.1962 -0
1.6640625 6.12244042666928e-09 5.53737553809881e-08 -0.1962 -0
1.666015625 6.23001950497587e-09 5.47820677250826e-08 -0.1962 -0
1.66796875 6.33643287872039e-09 5.41801297471331e-08 -0.1962 -0
1.669921875 6.44166063680061e-09 5.35680540762969e-08 -0.1962 -0
1.671875 6.54568308995592e-09 5.29459552386041e-08 -0.1962 -0
1.673828125 6.64848077445141e-09 5.23139496355287e-08 -0.1962 -0
1.67578125 6.75003445571971e-09 5.16721555222085e-08 -0.1962 -0
1.677734375 6.85032513196004e-09 5.10206929853182e-08 -0.1962 -0
1.6796875 6.94933403769361e-09 5.03596839205999e-08 -0.1962 -0
1.681640625 7.04704264727488e-09 4.96892520100553e-08 -0.1962 -0
1.68359375 7.14343267835789e-09 4.90095226988031e-08 -0.1962 -0
1.685546875 7.23848609531708e-09 4.8320623171607e-08 -0.1962 -0
1.6875 7.33218511262198e-09 4.76226823290783e-08 -0.1962 -0
1.689453125 7.42451219816504e-09 4.69158307635567e-08 -0.1962 -0
1.69140625 7.51545007654212e-09 4.62002007346755e-08 -0.1962 -0
1.693359375 7.60498173228487e-09 4.5475926144614e-08 -0.1962 -0
1.6953125 7.69309041304452e-09 4.47431425130433e-08 -0.1962 -0
1.697265625 7.77975963272644e-09 4.40019869517688e-08 -0.1962 -0
1.69921875 7.86497317457487e-09 4.32525981390753e-08 -0.1962 -0
1.701171875 7.94871509420721e-09 4.24951162937787e-08 -0.1962 -0
1.703125 8.03096972259744e-09 4.17296831489893e-08 -0.1962 -0
1.705078125 8.11172166900795e-09 4.09564419255926e-08 -0.1962 -0
1.70703125 8.19095582386929e-09 4.01755373054504e-08 -0.1962 -0
1.708984375 8.26865736160736e-09 3.93871154043297e-08 -0.1962 -0
1.7109375 8.34481174341745e-09 3.85913237445626e-08 -0.1962 -0
1.712890625 8.41940471998456e-09 3.77883112274436e-08 -0.1962 -0
1.71484375 8.49242233414965e-09 3.69782281053681e-08 -0.1962 -0
1.716796875 8.56385092352115e-09 3.6161225953719e-08 -0.1962 -0
1.71875 8.63367712303136e-09 3.53374576425047e-08 -0.1962 -0
1.720703125 8.70188786743719e-09 3.45070773077562e-08 -0.1962 -0
1.72265625 8.76847039376479e-09 3.36702403226859e-08 -0.1962 -0
1.724609375 8.83341224369768e-09 3.28271032686161e-08 -0.1962 -0
1.7265625 8.89670126590782e-09 3.19778239056804e-08 -0.1962 -0
1.728515625 8.95832561832924e-09 3.11225611433055e-08 -0.1962 -0
1.73046875 9.01827377037386e-09 3.02614750104775e-08 -0.1962 -0
1.732421875 9.07653450508892e-09 2.93947266257984e-08 -0.1962 -0
1.734375 9.13309692125588e-09 2.85224781673392e-08 -0.1962 -0
1.736328125 9.18795043543009e-09 2.76448928422948e-08 -0.1962 -0
1.73828125 9.24108478392109e-09 2.6762134856446e-08 -0.1962 -0
1.740234375 9.29249002471308e-09 2.58743693834348e-08 -0.1962 -0
1.7421875 9.34215653932514e-09 2.49817625338585e-08 -0.1962 -0
1.744140625 9.39007503461097e-09 2.4084481324189e-08 -0.1962 -0
1.74609375 9.43623654449775e-09 2.31826936455218e-08 -0.1962 -0
1.748046875 9.48063243166378e-09 2.22765682321617e-08 -0.1962 -0
1.75 9.52325438915463e-09 2.13662746300512e-08 -0.1962 -0
1.751953125 9.56409444193742e-09 2.04519831650462e-08 -0.1962 -0
1.75390625 9.60314494839309e-09 1.95338649110465e-08 -0.1962 -0
1.755859375 9.6403986017462e-09 1.86120916579856e-08 -0.1962 -0
1.7578125 9.6758484314321e-09 1.76868358796874e-08 -0.1962 -0
1.759765625 9.70948780440123e-09 1.6758270701594e-08 -0.1962 -0
1.76171875 9.7413104263602e-09 1.58265698683725e-08 -0.1962 -0
1.763671875 9.77131034294956e-09 1.48919077114051e-08 -0.1962 -0
1.765625 9.79948194085788e-09 1.395445911617e-08 -0.1962 -0
1.767578125 9.8258199488721e-09 1.30143994895183e-08 -0.1962 -0
1.76953125 9.85031943886381e-09 1.20719047268538e-08 -0.1962 -0
1.771484375 9.87297582671137e-09 1.11271511792206e-08 -0.1962 -0
1.7734375 9.89378487315764e-09 1.0180315620306e-08 -0.1962 -0
1.775390625 9.91274268460319e-09 9.23157521336438e-09 -0.1962 -0
1.77734375 9.92984571383484e-09 8.2811074780681e-09 -0.1962 -0
1.779296875 9.94509076068939e-09 7.32909025729133e-09 -0.1962 -0
1.78125 9.95847497265239e-09 6.3757016838339e-09 -0.1962 -0
1.783203125 9.96999584539187e-09 5.42112014709066e-09 -0.1962 -0
1.78515625 9.97965122322696e-09 4.46552425967294e-09 -0.1962 -0
1.787109375 9.98743929953122e-09 3.50909282398808e-09 -0.1962 -0
1.7890625 9.99335861707066e-09 2.55200479878367e-09 -0.1962 -0
1.791015625 9.99740806827646e-09 1.5944392656623e-09 -0.1962 -0
1.79296875 9.99958689545216e-09 6.36575395573545e-10 -0.1962 -0
1.794921875 9.99989469091542e-09 -3.21407584710957e-10 -0.1962 0
1.796875 9.99833139707438e-09 -1.27933042613273e-09 -0.1962 0
1.798828125 9.99489730643834e-09 -2.23701389088596e-09 -0.1962 0
1.80078125 9.98959306156311e-09 -3.19427878595478e-09 -0.1962 0
1.802734375 9.98241965493071e-09 -4.1509459966423e-09 -0.1962 0
1.8046875 9.97337842876372e-09 -5.10683652008489e-09 -0.1962 0
1.806640625 9.96247107477413e-09 -6.06177149874556e-09 -0.1962 0
1.80859375 9.94969963384675e-09 -7.01557225388018e-09 -0.1962 0
1.810546875 9.93506649565741e-09 -7.9680603189702e-09 -0.1962 0
1.8125 9.91857439822577e-09 -8.91905747311568e-09 -0.1962 0
1.814453125 9.90022642740305e-09 -9.86838577438237e-09 -0.1962 0
1.81640625 9.88002601629459e-09 -1.08158675930966e-08 -0.1962 0
1.818359375 9.85797694461752e-09 -1.17613256450817e-08 -0.1962 0
1.8203125 9.83408333799349e-09 -1.27045830248298e-08 -0.1962 0
1.822265625 9.80834966717677e-09 -1.36454632386029e-08 -0.1962 0
1.82421875 9.7807807472177e-09 -1.45837902374564e-08 -0.1962 0
1.826171875 9.75138173656171e-09 -1.55193884501804e-08 -0.1962 0
1.828125 9.72015813608418e-09 -1.64520828161504e-08 -0.1962 0
1.830078125 9.68711578806112e-09 -1.73816988180834e-08 -0.1962 0
1.83203125 9.65226087507604e-09 -1.83080625146916e-08 -0.1962 0
1.833984375 9.61559991886311e-09 -1.92310005732294e-08 -0.1962 0
1.8359375 9.57713977908686e-09 -2.01503403019252e-08 -0.1962 0
1.837890625 9.53688765205871e-09 -2.1065909682294e-08 -0.1962 0
1.83984375 9.4948510693904e-09 -2.19775374013244e-08 -0.1962 0
1.841796875 9.45103789658479e-09 -2.28850528835325e-08 -0.1962 0
1.84375 9.40545633156411e-09 -2.37882863228789e-08 -0.1962 0
1.845703125 9.35811490313605e-09 -2.4687068714541e-08 -0.1962 0
1.84765625 9.30902246939793e-09 -2.55812318865359e-08 -0.1962 0
1.849609375 9.25818821607926e-09 -2.6470608531187e-08 -0.1962 0
1.8515625 9.20562165482298e-09 -2.73550322364289e-08 -0.1962 0
1.853515625 9.15133262140571e-09 -2.82343375169455e-08 -0.1962 0
1.85546875 9.09533127389741e-09 -2.91083598451336e-08 -0.1962 0
1.857421875 9.03762809076066e-09 -2.9976935681888e-08 -0.1962 0
1.859375 8.97823386889004e-09 -3.08399025072013e-08 -0.1962 0
1.861328125 8.9171597215919e-09 -3.16970988505736e-08 -0.1962 0
1.86328125 8.85441707650498e-09 -3.25483643212246e-08 -0.1962 0
1.865234375 8.79001767346212e-09 -3.33935396381053e-08 -0.1962 0
1.8671875 8.72397356229363e-09 -3.42324666597009e-08 -0.1962 0
1.869140625 8.65629710057266e-09 -3.50649884136204e-08 -0.1962 0
1.87109375 8.58700095130293e-09 -3.58909491259685e-08 -0.1962 0
1.873046875 8.51609808054935e-09 -3.67101942504923e-08 -0.1962 0
1.875 8.44360175501195e-09 -3.75225704974984e-08 -0.1962 0
1.876953125 8.3695255395435e-09 -3.83279258625355e-08 -0.1962 0
1.87890625 8.29388329461142e-09 -3.91261096548356e-08 -0.1962 0
1.880859375 8.2166891737043e-09 -3.99169725255103e-08 -0.1962 0
1.8828125 8.13795762068364e-09 -4.07003664954954e-08 -0.1962 0
1.884765625 8.05770336708127e-09 -4.14761449832394e-08 -0.1962 0
1.88671875 7.97594142934286e-09 -4.22441628321306e-08 -0.1962 0
1.888671875 7.89268710601826e-09 -4.30042763376574e-08 -0.1962 0
1.890625 7.80795597489889e-09 -4.3756343274297e-08 -0.1962 0
1.892578125 7.72176389010304e-09 -4.45002229221275e-08 -0.1962 0
1.89453125 7.63412697910933e-09 -4.52357760931576e-08 -0.1962 0
1.896484375 7.54506163973914e-09 -4.5962865157371e-08 -0.1962 0
1.8984375 7.45458453708835e-09 -4.66813540684778e-08 -0.1962 0
1.900390625 7.36271260040915e-09 -4.73911083893706e-08 -0.1962 0
1.90234375 7.26946301994237e-09 -4.80919953172791e-08 -0.1962 0
1.904296875 7.17485324370103e-09 -4.87838837086186e-08 -0.1962 0
1.90625 7.07890097420558e-09 -4.94666441035291e-08 -0.1962 0
1.908203125 6.98162416517162e-09 -5.01401487500979e-08 -0.1962 0
1.91015625 6.88304101815051e-09 -5.08042716282639e-08 -0.1962 0
1.912109375 6.78316997912371e-09 -5.1458888473397e-08 -0.1962 0
1.9140625 6.6820297350513e-09 -5.21038767995496e-08 -0.1962 0
1.916015625 6.57963921037547e-09 -5.2739115922375e-08 -0.1962 0
1.91796875 6.47601756347952e-09 -5.33644869817086e-08 -0.1962 0
1.919921875 6.37118418310317e-09 -5.39798729638081e-08 -0.1962 0
1.921875 6.26515868471465e-09 -5.4585158723248e-08 -0.1962 0
1.923828125 6.15796090684048e-09 -5.51802310044645e-08 -0.1962 0
1.92578125 6.04961090735346e-09 -5.57649784629472e-08 -0.1962 0
1.927734375 5.94012895971959e-09 -5.63392916860721e-08 -0.1962 0
1.9296875 5.82953554920474e-09 -5.69030632135748e-08 -0.1962 0
1.931640625 5.71785136904157e-09 -5.74561875576568e-08 -0.1962 0
1.93359375 5.60509731655764e-09 -5.79985612227238e-08 -0.1962 0
1.935546875 5.4912944892653e-09 -5.85300827247508e-08 -0.1962 0
1.9375 5.37646418091408e-09 -5.90506526102706e-08 -0.1962 0
1.939453125 5.26062787750643e-09 -5.9560173474983e-08 -0.1962 0
1.94140625 5.14380725327743e-09 -6.00585499819801e-08 -0.1962 0
1.943359375 5.02602416663932e-09 -6.05456888795845e-08 -0.1962 0
1.9453125 4.90730065609156e-09 -6.10214990187983e-08 -0.1962 0
1.947265625 4.78765893609714e-09 -6.14858913703577e-08 -0.1962 0
1.94921875 4.66712139292609e-09 -6.19387790413915e-08 -0.1962 0
1.951171875 4.54571058046671e-09 -6.23800772916795e-08 -0.1962 0
1.953125 4.42344921600547e-09 -6.28097035495086e-08 -0.1962 0
1.955078125 4.30036017597644e-09 -6.32275774271225e-08 -0.1962 0
1.95703125 4.17646649168077e-09 -6.36336207357637e-08 -0.1962 0
1.958984375 4.05179134497736e-09 -6.40277575003029e-08 -0.1962 0
1.9609375 3.92635806394522e-09 -6.44099139734549e-08 -0.1962 0
1.962890625 3.80019011851855e-09 -6.47800186495778e-08 -0.1962 0
1.96484375 3.6733111160953e-09 -6.51380022780522e-08 -0.1962 0
1.966796875 3.54574479711991e-09 -6.54837978762389e-08 -0.1962 0
1.96875 3.41751503064125e-09 -6.58173407420121e-08 -0.1962 0
1.970703125 3.28864580984643e-09 -6.61385684658655e-08 -0.1962 0
1.97265625 3.15916124757146e-09 -6.64474209425905e-08 -0.1962 0
1.974609375 3.02908557178943e-09 -6.67438403825218e-08 -0.1962 0
1.9765625 2.89844312107723e-09 -6.7027771322351e-08 -0.1962 0
1.978515625 2.7672583400615e-09 -6.72991606355041e-08 -0.1962 0
1.98046875 2.6355557748448e-09 -6.75579575420824e-08 -0.1962 0
1.982421875 2.50336006841274e-09 -6.78041136183634e-08 -0.1962 0
1.984375 2.37069595602306e-09 -6.8037582805862e-08 -0.1962 0
1.986328125 2.23758826057734e-09 -6.82583214199482e-08 -0.1962 0
1.98828125 2.10406188797639e-09 -6.8466288158021e-08 -0.1962 0
1.990234375 1.97014182246007e-09 -6.86614441072368e-08 -0.1962 0
1.9921875 1.8358531219325e-09 -6.884375275179e-08 -0.1962 0
1.994140625 1.70122091327339e-09 -6.90131799797459e-08 -0.1962 0
1.99609375 1.56627038763661e-09 -6.91696940894232e-08 -0.1962 0
1.998046875 1.43102679573658e-09 -6.9313265795326e-08 -0.1962 0
2 1.29551544312362e-09 -6.9443868233623e-08 -0.1962 0
