0 1e-08 0 -0.1962 -0
0.125 6.16796875e-09 -4.95649291992187e-08 -0.1962 0
0.25 -2.39123229980469e-09 -6.11429868793488e-08 -0.1962 0
0.375 -9.11777796983719e-09 -2.58606772714779e-08 -0.1962 0
0.5 -8.85640161767416e-09 2.92414170264866e-08 -0.1962 0
0.625 -1.80742371321554e-09 6.19327065564953e-08 -0.1962 0
0.75 6.62677502144967e-09 4.71583827021901e-08 -0.1962 0
0.875 9.98217196233197e-09 -3.75842039496554e-09 -0.1962 0
1 5.68716992270829e-09 -5.17947466112921e-08 -0.1962 0
1.125 -2.96651469049105e-09 -6.01352553075581e-08 -0.1962 0
1.25 -9.34664390418123e-09 -2.23877284907659e-08 -0.1962 0
1.375 -8.56344681318251e-09 3.25178933646524e-08 -0.1962 0
1.5 -1.21717056301814e-09 6.25015985085675e-08 -0.1962 0
1.625 7.06195281395936e-09 4.45836879205258e-08 -0.1962 -0
1.75 9.92875141711332e-09 -7.50343973785633e-09 -0.1962 0
1.875 5.18609287949527e-09 -5.3839884284647e-08 -0.1962 0
2 -3.53121965404844e-09 -5.89131050164075e-08 -0.1962 0
