0 1e-08 0 -0.1962 -0
0.0078125 9.98503112792969e-09 -3.82916319072247e-09 -0.1962 0
0.015625 9.94016932514496e-09 -7.64686273065728e-09 -0.1962 0
0.0234375 9.86554889776317e-09 -1.14416692886012e-08 -0.1962 0
0.03125 9.76139324251057e-09 -1.52022220697747e-08 -0.1962 0
0.0390625 9.62801417792294e-09 -1.89172628274789e-08 -0.1962 0
0.046875 9.46581101083121e-09 -2.2575669567746e-08 -0.1962 0
0.0546875 9.27526934092691e-09 -2.61664898460809e-08 -0.1962 0
0.0625 9.0569596069862e-09 -2.96789735566088e-08 -0.1962 0
0.0703125 8.81153537910489e-09 -3.31026051154673e-08 -0.1962 0
0.078125 8.53973140205702e-09 -3.64271349420923e-08 -0.1962 0
0.0859375 8.2423613956347e-09 -3.964261014415e-08 -0.1962 0
0.09375 7.92031561855468e-09 -4.27394043142515e-08 -0.1962 0
0.1015625 7.57455820322452e-09 -4.57082463492448e-08 -0.1962 0
0.109375 7.20612426934773e-09 -4.8540248205806e-08 -0.1962 0
0.1171875 6.8161168250088e-09 -5.12269315092364e-08 -0.1962 0
0.125 6.40570346451591e-09 -5.37602529358035e-08 -0.1962 0
0.1328125 5.97611287288687e-09 -5.61326282926379e-08 -0.1962 0
0.140625 5.52863114744344e-09 -5.83369552230957e-08 -0.1962 0
0.1484375 5.064597947526e-09 -6.03666344696123e-08 -0.1962 0
0.15625 4.58540248385575e-09 -6.22155896303908e-08 -0.1962 0
0.1640625 4.09247935955115e-09 -6.38782853507779e-08 -0.1962 0
0.171875 3.58730427524984e-09 -6.53497438948677e-08 -0.1962 0
0.1796875 3.07138961119384e-09 -6.66255600477195e-08 -0.1962 0
0.1875 2.54627989950423e-09 -6.77019143035779e-08 -0.1962 0
0.1953125 2.01354720020044e-09 -6.85755843006111e-08 -0.1962 0
0.203125 1.47478639480718e-09 -6.92439544679358e-08 -0.1962 0
0.2109375 9.31610411638938e-10 -6.97050238560459e-08 -0.1962 0
0.21875 3.8564539705646e-10 -6.99574121272042e-08 -0.1962 0
0.2265625 -1.61474152848627e-10 -7.0000363687862e-08 -0.1962 0
0.234375 -7.08110285566383e-10 -6.98337499507359e-08 -0.1962 0
0.2421875 -1.25262649582888e-09 -6.94580697197694e-08 -0.1962 0
0.25 -1.79339262493778e-09 -6.88744476968256e-08 -0.1962 0
0.2578125 -2.32878974109178e-09 -6.80846311145844e-08 -0.1962 0
0.265625 -2.85721498610316e-09 -6.70909845057215e-08 -0.1962 0
0.2734375 -3.37708637399367e-09 -6.5896482624031e-08 -0.1962 0
0.28125 -3.88684752710365e-09 -6.45047015386841e-08 -0.1962 0
0.2890625 -4.38497233553561e-09 -6.29198079282839e-08 -0.1962 0
0.296875 -4.86996952598308e-09 -6.11465466067702e-08 -0.1962 0
0.3046875 -5.3403871262664e-09 -5.91902263185169e-08 -0.1962 0
0.3125 -5.79481681220991e-09 -5.70567038451487e-08 -0.1962 0
0.3203125 -6.23189812384685e-09 -5.47523664716582e-08 -0.1962 0
0.328125 -6.65032253832957e-09 -5.22841128643154e-08 -0.1962 0
0.3359375 -7.04883738735178e-09 -4.96593324176175e-08 -0.1962 0
0.34375 -7.42624960735484e-09 -4.68858831321082e-08 -0.1962 0
0.3515625 -7.78142931129097e-09 -4.39720680892974e-08 -0.1962 0
0.359375 -8.11331317125011e-09 -4.09266105941074e-08 -0.1962 0
0.3671875 -8.42090760182389e-09 -3.77586280592665e-08 -0.1962 0
0.375 -8.70329173467615e-09 -3.44776047098316e-08 -0.1962 0
0.3828125 -8.95962017541501e-09 -3.10933631895583e-08 -0.1962 0
0.390625 -9.189125534513e-09 -2.76160351541209e-08 -0.1962 0
0.3984375 -9.39112072469815e-09 -2.40560309392213e-08 -0.1962 0
0.40625 -9.56500101793833e-09 -2.04240083943919e-08 -0.1962 0
0.4140625 -9.71024585586052e-09 -1.67308409757988e-08 -0.1962 0
0.421875 -9.82642040818518e-09 -1.29875851935666e-08 -0.1962 0
0.4296875 -9.91317687451e-09 -9.20544751108144e-09 -0.1962 0
0.4375 -9.97025552554583e-09 -5.39575079536762e-09 -0.1962 0
0.4453125 -9.99748548068762e-09 -1.56990041897797e-09 -0.1962 0
0.453125 -9.99478521959236e-09 2.26064988511865e-09 -0.1962 0
0.4609375 -9.96216282623264e-09 6.08443231343004e-09 -0.1962 0
0.46875 -9.89971596469501e-09 9.88999932395739e-09 -0.1962 0
0.4765625 -9.8076315867958e-09 1.36659579075536e-08 -0.1962 0
0.484375 -9.68618537238949e-09 1.74010036960225e-08 -0.1962 0
0.4921875 -9.53574090404545e-09 2.10839548048472e-08 -0.1962 0
0.5 -9.35674857856375e-09 2.470378530923e-08 -0.1962 0
0.5078125 -9.14974425858873e-09 2.82496582532234e-08 -0.1962 0
0.515625 -8.91534766835714e-09 3.17109580931324e-08 -0.1962 0
0.5234375 -8.65426053838354e-09 3.50773224780567e-08 -0.1962 0
0.53125 -8.3672645046375e-09 3.83386732724324e-08 -0.1962 0
0.5390625 -8.05521876850178e-09 4.1485246727696e-08 -0.1962 0
0.546875 -7.71905752451725e-09 4.45076227127452e-08 -0.1962 0
0.5546875 -7.35978716361514e-09 4.73967529156862e-08 -0.1962 0
0.5625 -6.97848326020965e-09 5.01439879324386e-08 -0.1962 0
0.5703125 -6.57628735217079e-09 5.27411031610997e-08 -0.1962 0
0.578125 -6.15440352331747e-09 5.51803234245478e-08 -0.1962 0
0.5859375 -5.71409479866223e-09 5.74543462475677e-08 -0.1962 0
0.59375 -5.25667936319922e-09 5.9556363718815e-08 -0.1962 0
0.6015625 -4.78352661555574e-09 6.14800828721663e-08 -0.1962 0
0.609375 -4.29605306832162e-09 6.32197445264405e-08 -0.1962 0
0.6171875 -3.79571810733011e-09 6.47701405270878e-08 -0.1962 0
0.625 -3.28401962258588e-09 6.61266293382299e-08 -0.1962 0
0.6328125 -2.76248952392027e-09 6.7285149938371e-08 -0.1962 0
0.640625 -2.23268915479883e-09 6.82422339781803e-08 -0.1962 0
0.6484375 -1.6962046180112e-09 6.89950161639472e-08 -0.1962 0
0.65625 -1.15464202723715e-09 6.95412428356247e-08 -0.1962 0
0.6640625 -6.09622698704564e-10 6.98792787137787e-08 -0.1962 0
0.671875 -6.27782973343608e-11 7.00081117952464e-08 -0.1962 0
0.6796875 4.8425404809616e-10 6.99273563828445e-08 -0.1962 0
0.6875 1.02983664614759e-09 6.96372542400607e-08 -0.1962 0
0.6953125 1.57233614559711e-09 6.91386738672675e-08 -0.1962 0
0.703125 2.11012842532364e-09 6.84331079016281e-08 -0.1962 0
0.7109375 2.64160345656005e-09 6.75226686484782e-08 -0.1962 0
0.71875 3.16517012295611e-09 6.64100817575591e-08 -0.1962 0
0.7265625 3.67926098402191e-09 6.50986780630386e-08 -0.1962 0
0.734375 4.18233696769109e-09 6.35923836117435e-08 -0.1962 0
0.7421875 4.6728919779554e-09 6.18957079094624e-08 -0.1962 0
0.75 5.14945740377644e-09 6.00137304205017e-08 -0.1962 0
0.7578125 5.61060651577574e-09 5.79520853609156e-08 -0.1962 0
0.765625 6.05495873754075e-09 5.57169448309345e-08 -0.1962 0
0.7734375 6.4811837787591e-09 5.33150003370888e-08 -0.1962 0
0.78125 6.88800561780776e-09 5.07534427593481e-08 -0.1962 0
0.7890625 7.27420632187391e-09 4.8039940823249e-08 -0.1962 0
0.796875 7.63862969317102e-09 4.51826181414601e-08 -0.1962 0
0.8046875 7.98018473033422e-09 4.21900288935189e-08 -0.1962 0
0.8125 8.29784889463226e-09 3.90711322165478e-08 -0.1962 0
0.8203125 8.59067117121778e-09 3.58352653836184e-08 -0.1962 0
0.828125 8.85777491625129e-09 3.24921158500623e-08 -0.1962 0
0.8359375 9.09836048137501e-09 2.90516922514155e-08 -0.1962 0
0.84375 9.31170760767966e-09 2.55242944398212e-08 -0.1962 0
0.8515625 9.49717758199721e-09 2.1920482648596e-08 -0.1962 0
0.859375 9.65421514906398e-09 1.82510458772736e-08 -0.1962 0
0.8671875 9.78235017382961e-09 1.45269695917738e-08 -0.1962 0
0.875 9.88119904893544e-09 1.07594028363964e-08 -0.1962 0
0.8828125 9.95046584314831e-09 6.95962485609677e-09 -0.1962 0
0.890625 9.98994318731195e-09 3.13901132897147e-09 -0.1962 0
0.8984375 9.99951289516349e-09 -6.90999689955954e-10 -0.1962 0
0.90625 9.97914631715639e-09 -4.51894201169146e-09 -0.1962 0
0.9140625 9.92890442623081e-09 -8.33335564045374e-09 -0.1962 0
0.921875 9.8489376352743e-09 -1.21228210823163e-08 -0.1962 0
0.9296875 9.73948534681962e-09 -1.58759935325964e-08 -0.1962 0
0.9375 9.60087523632748e-09 -1.95816368396408e-08 -0.1962 0
0.9453125 9.43352227120023e-09 -2.32286571433293e-08 -0.1962 0
0.953125 9.23792746846296e-09 -2.68061360875889e-08 -0.1962 0
0.9609375 9.01467639483165e-09 -3.03033635074897e-08 -0.1962 0
0.96875 8.76443741365844e-09 -3.37098694930617e-08 -0.1962 0
0.9765625 8.48795968400256e-09 -3.70154557338441e-08 -0.1962 0
0.984375 8.18607091781712e-09 -4.02102260503255e-08 -0.1962 0
0.9921875 7.85967490196622e-09 -4.32846160208739e-08 -0.1962 0
1 7.50974879249097e-09 -4.62294216154564e-08 -0.1962 0
1.0078125 7.13734018922472e-09 -4.90358267504296e-08 -0.1962 0
1.015625 6.74356399951551e-09 -5.16954296819051e-08 -0.1962 0
1.0234375 6.32959910044495e-09 -5.42002681586748e-08 -0.1962 0
1.03125 5.89668480953621e-09 -5.65428432593958e-08 -0.1962 0
1.0390625 5.44611717451689e-09 -5.87161418426685e-08 -0.1962 0
1.046875 4.97924509324452e-09 -6.07136575428001e-08 -0.1962 0
1.0546875 4.49746627541064e-09 -6.2529410248396e-08 -0.1962 0
1.0625 4.00222305811333e-09 -6.41579640054638e-08 -0.1962 0
1.0703125 3.49499808782527e-09 -6.55944432914336e-08 -0.1962 0
1.078125 2.97730988168468e-09 -6.68345476113729e-08 -0.1962 0
1.0859375 2.45070828139757e-09 -6.78745643726979e-08 -0.1962 0
1.09375 1.91676981336127e-09 -6.87113799998382e-08 -0.1962 0
1.1015625 1.37709296890009e-09 -6.93424892555801e-08 -0.1962 0
1.109375 8.33293418742836e-10 -6.97660027411812e-08 -0.1962 0
1.1171875 2.86999176069138e-10 -6.99806525528043e-08 -0.1962 0
1.125 -2.60154277394732e-10 -6.99857960773355e-08 -0.1962 0
1.1328125 -8.06528887639229e-10 -6.97814179162226e-08 -0.1962 0
1.140625 -1.35048893233571e-09 -6.9368129931575e-08 -0.1962 0
1.1484375 -1.89040591782009e-09 -6.8747169414387e-08 -0.1962 0
1.15625 -2.42466345443551e-09 -6.79203953803669e-08 -0.1962 0
1.1640625 -2.95166209563832e-09 -6.68902830044641e-08 -0.1962 0
1.171875 -3.46982412638026e-09 -6.56599162107531e-08 -0.1962 0
1.1796875 -3.97759828643134e-09 -6.42329784398609e-08 -0.1962 0
1.1875 -4.47346441450308e-09 -6.26137416215764e-08 -0.1962 0
1.1953125 -4.95593799926847e-09 -6.08070533856565e-08 -0.1962 0
1.203125 -5.42357462365397e-09 -5.88183225491161e-08 -0.1962 0
1.2109375 -5.87497428909841e-09 -5.665350292345e-08 -0.1962 0
1.21875 -6.30878560683287e-09 -5.43190754902648e-08 -0.1962 0
1.2265625 -6.7237098436338e-09 -5.18220289986812e-08 -0.1962 0
1.234375 -7.11850480993727e-09 -4.91698390425966e-08 -0.1962 0
1.2421875 -7.49198857867437e-09 -4.63704456804427e-08 -0.1962 0
1.25 -7.84304302369418e-09 -4.3432229664442e-08 -0.1962 0
1.2578125 -8.17061716718127e-09 -4.03639873505262e-08 -0.1962 0
1.265625 -8.47373032604616e-09 -3.71749043640309e-08 -0.1962 0
1.2734375 -8.75147504786926e-09 -3.38745281000053e-08 -0.1962 0
1.28125 -9.00301982760874e-09 -3.04727391404655e-08 -0.1962 0
1.2890625 -9.22761159693903e-09 -2.69797216741605e-08 -0.1962 0
1.296875 -9.4245779787675e-09 -2.34059330074089e-08 -0.1962 0
1.3046875 -9.59332930017979e-09 -1.97620722572825e-08 -0.1962 0
1.3125 -9.73336035778754e-09 -1.60590483208634e-08 -0.1962 0
1.3203125 -9.84425193019328e-09 -1.2307947216467e-08 -0.1962 0
1.328125 -9.92567203304484e-09 -8.51999889460443e-09 -0.1962 0
1.3359375 -9.97737691292148e-09 -4.70654361804331e-09 -0.1962 0
1.34375 -9.99921177707676e-09 -8.78998011619819e-10 -0.1962 0
1.3515625 -9.99111125685304e-09 2.95117911656087e-09 -0.1962 0
1.359375 -9.9530996033805e-09 6.77252108021109e-09 -0.1962 0
1.3671875 -9.88529061497474e-09 1.05735876435327e-08 -0.1962 0
1.375 -9.7878872964503e-09 1.43429992707022e-08 -0.1962 0
1.3828125 -9.66118125137002e-09 1.80694711936342e-08 -0.1962 0
1.390625 -9.50555180904977e-09 2.1741847196031e-08 -0.1962 0
1.3984375 -9.32146488893204e-09 2.53491330125779e-08 -0.1962 0
1.40625 -9.10947160572824e-09 2.88805292432931e-08 -0.1962 0
1.4140625 -8.87020661950558e-09 3.23254636844951e-08 -0.1962 0
1.421875 -8.604386235658e-09 3.56736229795958e-08 -0.1962 0
1.4296875 -8.3128062604494e-09 3.89149834949633e-08 -0.1962 0
1.4375 -7.9963396185492e-09 4.20398413284198e-08 -0.1962 0
1.4453125 -7.65593373969284e-09 4.50388413605361e-08 -0.1962 0
1.453125 -7.29260772229082e-09 4.79030052617482e-08 -0.1962 0
1.4609375 -6.90744928247802e-09 5.0623758371451e-08 -0.1962 0
1.46875 -6.5016114977369e-09 5.31929553685977e-08 -0.1962 0
1.4765625 -6.07630935484368e-09 5.56029046569534e-08 -0.1962 0
1.484375 -5.632816112472e-09 5.78463913919997e-08 -0.1962 0
1.4921875 -5.17245948934369e-09 5.99166990805507e-08 -0.1962 0
1.5 -4.6966176893384e-09 6.18076296884192e-08 -0.1962 0
1.5078125 -4.20671527546214e-09 6.35135221959328e-08 -0.1962 0
1.515625 -3.70421890502695e-09 6.50292695457491e-08 -0.1962 0
1.5234375 -3.19063293880981e-09 6.63503339322343e-08 -0.1962 0
1.53125 -2.66749493733579e-09 6.74727603866286e-08 -0.1962 0
1.5390625 -2.13637105776874e-09 6.83931886173312e-08 -0.1962 0
1.546875 -1.59885136518999e-09 6.91088630698551e-08 -0.1962 0
1.5546875 -1.05654507230225e-09 6.96176411763356e-08 -0.1962 0
1.5625 -5.11075721809746e-10 6.99179997698949e-08 -0.1962 0
1.5703125 3.59236741023594e-11 7.00090396446607e-08 -0.1962 0
1.578125 5.82815522638078e-10 6.98904882477853e-08 -0.1962 -0
1.5859375 1.127962552974e-09 6.95627004954073e-08 -0.1962 -0
1.59375 1.66973271787882e-09 6.9026657710113e-08 -0.1962 -0
1.6015625 2.20650407969452e-09 6.8283964683078e-08 -0.1962 -0
1.609375 2.73666966605191e-09 6.7336844869684e-08 -0.1962 -0
1.6171875 3.25864228078333e-09 6.61881337329954e-08 -0.1962 -0
1.625 3.77085925562996e-09 6.48412702550225e-08 -0.1962 -0
1.6328125 4.27178712851806e-09 6.33002866411847e-08 -0.1962 -0
1.640625 4.75992623439848e-09 6.15697962487978e-08 -0.1962 -0
1.6484375 5.23381519490552e-09 5.96549797757222e-08 -0.1962 -0
1.65625 5.69203529339413e-09 5.75615697505226e-08 -0.1962 -0
1.6640625 6.13321472225744e-09 5.52958333705706e-08 -0.1962 -0
1.671875 6.5560326898093e-09 5.28645537394695e-08 -0.1962 -0
1.6796875 6.95922337443665e-09 5.02750095599724e-08 -0.1962 -0
1.6875 7.34157971418387e-09 4.75349533431879e-08 -0.1962 -0
1.6953125 7.70195702042396e-09 4.46525881993109e-08 -0.1962 -0
1.703125 8.0392764047981e-09 4.16365432793611e-08 -0.1962 -0
1.7109375 8.35252800916398e-09 3.84958479414516e-08 -0.1962 -0
1.71875 8.64077402888328e-09 3.52399047189273e-08 -0.1962 -0
1.7265625 8.90315152039722e-09 3.18784611713015e-08 -0.1962 -0
1.734375 9.13887498468486e-09 2.84215807022613e-08 -0.1962 -0
1.7421875 9.34723871887005e-09 2.48796124321075e-08 -0.1962 -0
1.75 9.52761892893654e-09 2.12631602148227e-08 -0.1962 -0
1.7578125 9.67947559722665e-09 1.75830508925246e-08 -0.1962 -0
1.765625 9.80235409913224e-09 1.38503018823434e-08 -0.1962 -0
1.7734375 9.89588656413827e-09 1.00760881927597e-08 -0.1962 -0
1.78125 9.95979297714411e-09 6.27170896815073e-09 -0.1962 -0
1.7890625 9.99388201676562e-09 2.44855366170045e-09 -0.1962 -0
1.796875 9.99805162810818e-09 -1.38193206205369e-09 -0.1962 0
1.8046875 9.97228932829604e-09 -5.20828059295849e-09 -0.1962 0
1.8125 9.91667224384321e-09 -9.01903670668282e-09 -0.1962 0
1.8203125 9.83136687975412e-09 -1.28027918590752e-08 -0.1962 0
1.828125 9.71662862104516e-09 -1.65482183407713e-08 -0.1962 0
1.8359375 9.57280096817956e-09 -2.02441031898005e-08 -0.1962 0
1.84375 9.40031450870452e-09 -2.38793817606644e-08 -0.1962 0
1.8515625 9.19968562816918e-09 -2.74431708493896e-08 -0.1962 0
1.859375 8.97151496418281e-09 -3.09248012753852e-08 -0.1962 0
1.8671875 8.71648560824129e-09 -3.43138498225626e-08 -0.1962 0
1.875 8.43536106070527e-09 -3.76001704440931e-08 -0.1962 0
1.8828125 8.12898294505233e-09 -4.07739246373838e-08 -0.1962 0
1.890625 7.79826848824615e-09 -4.38256108983342e-08 -0.1962 0
1.8984375 7.44420777476586e-09 -4.67460931666964e-08 -0.1962 0
1.90625 7.06786078251652e-09 -4.95266281773788e-08 -0.1962 0
1.9140625 6.67035420949432e-09 -5.2158891635809e-08 -0.1962 0
1.921875 6.252878100707e-09 -5.46350031389941e-08 -0.1962 0
1.9296875 5.81668228544754e-09 -5.69475497676694e-08 -0.1962 0
1.9375 5.36307263558717e-09 -5.90896082789067e-08 -0.1962 0
1.9453125 4.89340715608962e-09 -6.10547658327417e-08 -0.1962 0
1.953125 4.40909191945058e-09 -6.283713919077e-08 -0.1962 0
1.9609375 3.91157685623384e-09 -6.44313923292361e-08 -0.1962 0
1.96875 3.40235141430626e-09 -6.58327524138845e-08 -0.1962 0
1.9765625 2.88294009976689e-09 -6.70370240887489e-08 -0.1962 0
1.984375 2.35489791291956e-09 -6.80406020361015e-08 -0.1962 0
1.9921875 1.81980569295281e-09 -6.8840481769961e-08 -0.1962 0
2 1.27926538526392e-09 -6.94342686308459e-08 -0.1962 0
