0 1e-08 0 -0.1962 -0
0.0625 9.0419921875e-09 -2.91878036499023e-08 -0.1962 0
0.125 6.35152454376221e-09 -5.27831785145402e-08 -0.1962 0
0.1875 2.44409487318248e-09 -6.62652139020757e-08 -0.1962 0
0.25 -1.93162719399726e-09 -6.70507307665768e-08 -0.1962 0
0.3125 -5.93724647263962e-09 -5.4989222849435e-08 -0.1962 0
0.375 -8.80528005017663e-09 -3.23916939136807e-08 -0.1962 0
0.4375 -9.98620821184971e-09 -3.58786581204344e-09 -0.1962 0
0.5 -9.25376327668206e-09 2.59034029852217e-08 -0.1962 0
0.5625 -6.748282838697e-09 5.04315392964511e-08 -0.1962 0
0.625 -2.94982086462567e-09 6.52969138792004e-08 -0.1962 0
0.6875 1.41383139620305e-09 6.76512977362669e-08 -0.1962 0
0.75 5.5065913524077e-09 5.7043587241912e-08 -0.1962 0
0.8125 8.54427980144205e-09 3.55062363014017e-08 -0.1962 0
0.875 9.94487089008291e-09 7.1658350070486e-09 -0.1962 0
0.9375 9.44000917732313e-09 -2.25475514712722e-08 -0.1962 0
1 7.12642695617389e-09 -4.79407918571481e-08 -0.1962 0
1.0625 3.44741019517961e-09 -6.41485016157072e-08 -0.1962 0
1.125 -8.92135745789506e-10 -6.80652582326629e-08 -0.1962 0
1.1875 -5.06074708390325e-09 -5.89406050202745e-08 -0.1962 0
1.25 -8.25971137332382e-09 -3.85228397913061e-08 -0.1962 0
1.3125 -9.87610205781652e-09 -1.07240382663863e-08 -0.1962 0
1.375 -9.60021615662211e-09 1.91295057466829e-08 -0.1962 0
1.4375 -7.48491383948116e-09 4.53178065688349e-08 -0.1962 0
1.5 -3.93549033551775e-09 6.28231448433254e-08 -0.1962 0
1.5625 3.67979265934519e-10 6.8291470404671e-08 -0.1962 0
1.625 4.60094346506613e-09 6.0675043531059e-08 -0.1962 -0
1.6875 7.9523597073169e-09 4.14331835121407e-08 -0.1962 -0
1.75 9.78009140408371e-09 1.42526607929469e-08 -0.1962 -0
1.8125 9.73394230643527e-09 -1.56586940039579e-08 -0.1962 0
1.875 7.82275465358897e-09 -4.25698185629951e-08 -0.1962 0
1.9375 4.41271498606088e-09 -6.13244993700209e-08 -0.1962 0
2 1.57192232336362e-10 -6.83293102782204e-08 -0.1962 0
